

	Week starting on...	1/1	1/8	1/15	1/22	2/1	2/8	2/15	2/22	3/1	3/8	3/15	3/22	4/1	4/8	4/15	4/22	5/1	5/8	5/15	5/22	6/1	6/8	6/15	6/22	7/1	7/8	7/15	7/22	8/1	8/8	8/15	8/22	9/1	9/8	9/15	9/22	10/1	10/8	10/15	10/22	11/1	11/8	11/15	11/22	12/1	12/8	12/15	12/22
Frequency (%)
	Red-eyed Vireo	0.0	0.0	0.0	0.0	0.0	0.0	0.0	0.0	0.0	0.0	0.0	0.0	0.0	0.0	0.37453183520599254	0.33557046979865773	8.081896551724139	32.95218295218295	54.980079681274894	53.16901408450704	28.975265017667844	22.30769230769231	26.53061224489796	24.313725490196077	22.994652406417114	20.689655172413794	16.587677725118482	9.163346613545817	10.416666666666668	7.262569832402235	8.823529411764707	7.420494699646643	16.091954022988507	15.015974440894569	13.405797101449277	5.263157894736842	0.6711409395973155	0.3215434083601286	0.0	0.0	0.0	0.0	0.0	0.0	0.0	0.0	0.0	0.0
	Total # checklists submitted - (Red-eyed Vireo)	289	243	253	278	203	366	656	281	254	338	358	797	680	706	801	894	928	962	753	852	283	260	245	255	187	203	211	251	192	179	170	283	261	313	276	323	298	311	304	427	280	278	269	312	233	199	170	267
	
Abundance
	Red-eyed Vireo	0.0	0.0	0.0	0.0	0.0	0.0	0.0	0.0	0.0	0.0	0.0	0.0	0.0	0.0	0.003745318352059925	0.005592841163310962	0.13577586206896552	0.9968814968814969	2.689243027888446	3.2711267605633805	1.0035335689045937	0.65	0.6326530612244898	0.6039215686274509	0.44385026737967914	0.31527093596059114	0.2938388625592417	0.16733067729083664	0.21354166666666666	0.11173184357541899	0.1411764705882353	0.0989399293286219	0.3065134099616858	0.20447284345047922	0.17391304347826086	0.06811145510835913	0.006711409395973154	0.01607717041800643	0.0	0.0	0.0	0.0	0.0	0.0	0.0	0.0	0.0	0.0
	Total # checklists submitted - (Red-eyed Vireo)	289	243	253	278	203	366	656	281	254	338	358	797	680	706	801	894	928	962	753	852	283	260	245	255	187	203	211	251	192	179	170	283	261	313	276	323	298	311	304	427	280	278	269	312	233	199	170	267
	
Birds Per Party Hour
	Red-eyed Vireo	0.0	0.0	0.0	0.0	0.0	0.0	0.0	0.0	0.0	0.0	0.0	0.0	0.0	0.0	0.5	0.8333333333333334	0.7695357021276438	1.5197629584675387	2.5231585971219683	3.309452255171254	1.9447657315433533	1.4143067773891211	1.6800926175440818	1.8036595488184368	1.39423220417445	1.6960403514077966	2.2515162652980223	1.1488202425492744	2.5806302091519626	2.331273871535304	1.567012423960715	1.2502469279270914	1.0317134738002798	0.9494388440450791	1.3090458631745423	0.7295871832159527	0.9047619047619048	2.5	0.0	0.0	0.0	0.0	0.0	0.0	0.0	0.0	0.0	0.0
	# checklists reporting species - (Red-eyed Vireo)	0.0	0.0	0.0	0.0	0.0	0.0	0.0	0.0	0.0	0.0	0.0	0.0	0.0	0.0	3	3	73	307	410	448	80	56	64	59	43	39	34	23	20	14	15	23	44	50	37	17	2	1	0.0	0.0	0.0	0.0	0.0	0.0	0.0	0.0	0.0	0.0
	
High Count
	Red-eyed Vireo	0.0	0.0	0.0	0.0	0.0	0.0	0.0	0.0	0.0	0.0	0.0	0.0	0.0	0.0	1	3	8	23	25	33	24	9	13	10	10	5	4	5	10	4	5	3	8	3	3	3	1	5	0.0	0.0	0.0	0.0	0.0	0.0	0.0	0.0	0.0	0.0
	# checklists reporting species - (Red-eyed Vireo)	0.0	0.0	0.0	0.0	0.0	0.0	0.0	0.0	0.0	0.0	0.0	0.0	0.0	0.0	3	3	75	324	427	462	85	61	71	64	44	44	35	24	20	14	17	26	44	50	37	19	2	1	0.0	0.0	0.0	0.0	0.0	0.0	0.0	0.0	0.0	0.0
	
Totals
	Red-eyed Vireo	0.0	0.0	0.0	0.0	0.0	0.0	0.0	0.0	0.0	0.0	0.0	0.0	0.0	0.0	3	5	126	972	2040	2796	287	174	161	156	84	67	62	43	41	21	24	34	86	72	48	24	2	5	0.0	0.0	0.0	0.0	0.0	0.0	0.0	0.0	0.0	0.0
	# checklists reporting species - (Red-eyed Vireo)	0.0	0.0	0.0	0.0	0.0	0.0	0.0	0.0	0.0	0.0	0.0	0.0	0.0	0.0	3	3	73	313	415	450	83	59	68	60	44	40	35	24	20	14	15	26	44	50	37	19	2	1	0.0	0.0	0.0	0.0	0.0	0.0	0.0	0.0	0.0	0.0
	
Average Count
	Red-eyed Vireo	0.0	0.0	0.0	0.0	0.0	0.0	0.0	0.0	0.0	0.0	0.0	0.0	0.0	0.0	1.0	1.6666666666666667	1.726027397260274	3.1054313099041533	4.9156626506024095	6.213333333333333	3.4578313253012047	2.9491525423728815	2.3676470588235294	2.6	1.9090909090909092	1.675	1.7714285714285714	1.7916666666666667	2.05	1.5	1.6	1.3076923076923077	1.9545454545454546	1.44	1.2972972972972974	1.263157894736842	1.0	5.0	0.0	0.0	0.0	0.0	0.0	0.0	0.0	0.0	0.0	0.0
	# checklists reporting species - (Red-eyed Vireo)	0.0	0.0	0.0	0.0	0.0	0.0	0.0	0.0	0.0	0.0	0.0	0.0	0.0	0.0	3	3	73	313	415	450	83	59	68	60	44	40	35	24	20	14	15	26	44	50	37	19	2	1	0.0	0.0	0.0	0.0	0.0	0.0	0.0	0.0	0.0	0.0
	
