

	Week starting on...	1/1	1/8	1/15	1/22	2/1	2/8	2/15	2/22	3/1	3/8	3/15	3/22	4/1	4/8	4/15	4/22	5/1	5/8	5/15	5/22	6/1	6/8	6/15	6/22	7/1	7/8	7/15	7/22	8/1	8/8	8/15	8/22	9/1	9/8	9/15	9/22	10/1	10/8	10/15	10/22	11/1	11/8	11/15	11/22	12/1	12/8	12/15	12/22
Frequency (%)
	Red-eyed Vireo	0.0	0.0	0.0	0.0	0.0	0.0	0.0	0.0	0.0	0.0	0.0	0.0	0.0	0.0	0.0	0.12867252841518337	3.827751196172249	15.371209480655281	31.470070422535212	31.098986749805146	19.970193740685545	19.189765458422176	17.080378250591018	13.557358053302435	13.338788870703763	13.809154383242825	11.45374449339207	8.603812467800102	6.5703971119133575	5.611510791366906	7.037747920665387	7.875691783737761	10.080428954423592	12.999494183105718	17.244796828543112	14.593639575971732	10.44776119402985	2.72879932829555	0.9659806803863923	0.2633889376646181	0.17271157167530224	0.0	0.04844961240310078	0.0	0.0	0.0	0.0	0.0
	Total # checklists submitted - (Red-eyed Vireo)	3259	2072	2046	2545	1792	2244	3622	2333	2190	2469	2591	3956	3067	3465	3507	4663	5016	5738	4544	3849	2013	1876	1692	1726	1222	1289	1362	1941	1385	1390	1563	2349	1865	1977	2018	2830	2412	2382	2381	3417	2316	2404	2064	2712	1795	1629	1649	2545
	
Abundance
	Red-eyed Vireo	0.0	0.0	0.0	0.0	0.0	0.0	0.0	0.0	0.0	0.0	0.0	0.0	0.0	0.0	0.0	0.0012867252841518336	0.043261562998405105	0.23771348902056466	0.6360035211267606	0.6801766692647441	0.3750620963735718	0.3720682302771855	0.3037825059101655	0.2653534183082271	0.2414075286415712	0.22575640031031807	0.1894273127753304	0.13601236476043277	0.10685920577617329	0.09424460431654676	0.11516314779270634	0.13495104299702002	0.16568364611260053	0.22610015174506828	0.2983151635282458	0.24098939929328622	0.1517412935323383	0.03400503778337532	0.009659806803863923	0.0026338893766461808	0.0017271157167530224	0.0	4.8449612403100775E-4	0.0	0.0	0.0	0.0	0.0
	Total # checklists submitted - (Red-eyed Vireo)	3259	2072	2046	2545	1792	2244	3622	2333	2190	2469	2591	3956	3067	3465	3507	4663	5016	5738	4544	3849	2013	1876	1692	1726	1222	1289	1362	1941	1385	1390	1563	2349	1865	1977	2018	2830	2412	2382	2381	3417	2316	2404	2064	2712	1795	1629	1649	2545
	
Birds Per Party Hour
	Red-eyed Vireo	0.0	0.0	0.0	0.0	0.0	0.0	0.0	0.0	0.0	0.0	0.0	0.0	0.0	0.0	0.0	1.0614405777241678	1.3027384491072562	1.0299333328791211	1.487775875635501	1.973833253227461	1.5482182499605763	2.1885689805824	2.1332277713588446	1.4974307542360958	1.5499399045400388	1.8570743913209653	1.5277240084426964	1.5843933169025226	1.6070573010138358	1.3843317957070518	1.24951447355102	1.1705324259896281	1.3826099697221732	1.1993348769075989	1.4591741719161222	1.2303416677871373	1.042900776443158	0.9151942195872939	0.7004257097802962	1.1054542839299435	0.9716835573307012	0.0	0.6666666666666666	0.0	0.0	0.0	0.0	0.0
	# checklists reporting species - (Red-eyed Vireo)	0.0	0.0	0.0	0.0	0.0	0.0	0.0	0.0	0.0	0.0	0.0	0.0	0.0	0.0	0.0	6	177	808	1276	1095	362	329	255	216	150	165	140	151	86	76	103	184	177	247	338	391	231	65	24	9	4	0	1	0	0.0	0.0	0.0	0.0
	
High Count
	Red-eyed Vireo	0.0	0.0	0.0	0.0	0.0	0.0	0.0	0.0	0.0	0.0	0.0	0.0	0.0	0.0	0.0	1	5	13	20	56	30	35	23	30	20	9	12	20	8	12	11	11	11	10	12	12	11	3	3	1	1	1	1	1	0.0	0.0	0.0	0.0
	# checklists reporting species - (Red-eyed Vireo)	0.0	0.0	0.0	0.0	0.0	0.0	0.0	0.0	0.0	0.0	0.0	0.0	0.0	0.0	0.0	13	229	984	1575	1312	437	384	315	264	183	184	166	174	97	86	120	209	214	294	397	489	304	90	39	18	7	1	3	1	0.0	0.0	0.0	0.0
	
Totals
	Red-eyed Vireo	0.0	0.0	0.0	0.0	0.0	0.0	0.0	0.0	0.0	0.0	0.0	0.0	0.0	0.0	0.0	13	257	1514	3133	2989	887	737	560	621	349	297	264	292	157	164	209	396	373	531	754	883	493	111	44	18	7	1	3	1	0.0	0.0	0.0	0.0
	# checklists reporting species - (Red-eyed Vireo)	0.0	0.0	0.0	0.0	0.0	0.0	0.0	0.0	0.0	0.0	0.0	0.0	0.0	0.0	0.0	13	207	886	1387	1186	391	355	283	239	165	172	149	162	91	84	115	205	202	288	379	460	284	88	39	18	7	1	3	1	0.0	0.0	0.0	0.0
	
Average Count
	Red-eyed Vireo	0.0	0.0	0.0	0.0	0.0	0.0	0.0	0.0	0.0	0.0	0.0	0.0	0.0	0.0	0.0	1.0	1.2415458937198067	1.7088036117381489	2.2588320115356884	2.5202360876897134	2.268542199488491	2.076056338028169	1.9787985865724382	2.598326359832636	2.1151515151515152	1.7267441860465116	1.7718120805369129	1.8024691358024691	1.7252747252747254	1.9523809523809523	1.817391304347826	1.9317073170731707	1.8465346534653466	1.84375	1.9894459102902375	1.9195652173913043	1.7359154929577465	1.2613636363636365	1.1282051282051282	1.0	1.0	1.0	1.0	1.0	0.0	0.0	0.0	0.0
	# checklists reporting species - (Red-eyed Vireo)	0.0	0.0	0.0	0.0	0.0	0.0	0.0	0.0	0.0	0.0	0.0	0.0	0.0	0.0	0.0	13	207	886	1387	1186	391	355	283	239	165	172	149	162	91	84	115	205	202	288	379	460	284	88	39	18	7	1	3	1	0.0	0.0	0.0	0.0
	
