

	Week starting on...	1/1	1/8	1/15	1/22	2/1	2/8	2/15	2/22	3/1	3/8	3/15	3/22	4/1	4/8	4/15	4/22	5/1	5/8	5/15	5/22	6/1	6/8	6/15	6/22	7/1	7/8	7/15	7/22	8/1	8/8	8/15	8/22	9/1	9/8	9/15	9/22	10/1	10/8	10/15	10/22	11/1	11/8	11/15	11/22	12/1	12/8	12/15	12/22
Frequency (%)
	Red-eyed Vireo	0.0	0.0	0.0	0.0	0.0	0.0	0.0	0.0	0.0	0.0	0.10362694300518134	1.2396694214876034	8.029878618113912	14.323607427055704	14.935064935064934	18.07397069085834	18.446601941747574	12.085308056872037	9.63572267920094	6.945765937202664	7.557354925775979	6.823821339950372	4.01854714064915	3.4869240348692405	2.2617124394184165	1.3888888888888888	2.1314387211367674	1.968019680196802	2.871621621621622	3.315881326352531	11.649016641452345	17.705242334322453	24.031007751937985	27.736318407960198	33.77483443708609	29.80599647266314	22.991071428571427	14.079422382671481	6.049822064056939	0.8547008547008548	0.273972602739726	0.0	0.0	0.0	0.0	0.0	0.0	0.0
	Total # checklists submitted - (Red-eyed Vireo)	1484	1085	1082	1387	1034	1336	2057	950	835	1007	965	1452	1071	1131	1078	1433	1030	844	851	1051	741	806	647	803	619	504	563	813	592	573	661	1011	774	804	755	1134	896	831	843	1170	730	748	724	1068	661	538	560	1159
	
Abundance
	Red-eyed Vireo	0.0	0.0	0.0	0.0	0.0	0.0	0.0	0.0	0.0	0.0	0.0010362694300518134	0.027548209366391185	0.3258636788048553	0.506631299734748	0.5705009276437848	0.5987438939288207	0.8019417475728156	0.3708530805687204	0.23384253819036427	0.16175071360608945	0.12550607287449392	0.14267990074441686	0.080370942812983	0.039850560398505604	0.05331179321486268	0.017857142857142856	0.023090586145648313	0.02214022140221402	0.0625	0.1082024432809773	0.3071104387291982	0.9831849653808111	1.0904392764857882	1.9614427860696517	1.7152317880794703	1.4779541446208113	0.8314732142857143	0.5078219013237064	0.11387900355871886	0.019658119658119658	0.00410958904109589	0.0	0.0	0.0	0.0	0.0	0.0	0.0
	Total # checklists submitted - (Red-eyed Vireo)	1484	1085	1082	1387	1034	1336	2057	950	835	1007	965	1452	1071	1131	1078	1433	1030	844	851	1051	741	806	647	803	619	504	563	813	592	573	661	1011	774	804	755	1134	896	831	843	1170	730	748	724	1068	661	538	560	1159
	
Birds Per Party Hour
	Red-eyed Vireo	0.0	0.0	0.0	0.0	0.0	0.0	0.0	0.0	0.0	0.0	0.2857142857142857	0.951698018891024	2.0262462782230535	1.993793664955687	2.0057989693877456	1.845398164255542	2.2090451567731693	1.55560572411118	1.8645291728354123	2.433279411146327	1.1821111185948738	2.2311387108907508	0.9934285787661942	0.5869903352192162	2.681296598175429	0.4662698412698413	2.4295124935931924	0.6268486792845541	0.7872167100716443	0.9569686436510828	1.366455270920786	3.2031960496490286	3.6704767923064554	3.116824615743444	2.6152712593074656	2.533025853360633	2.741082946982114	1.4639596654310048	0.852948745605339	0.6566814248587229	0.3067226890756303	0.0	0.0	0.0	0.0	0.0	0.0	0.0
	# checklists reporting species - (Red-eyed Vireo)	0.0	0.0	0.0	0.0	0.0	0.0	0.0	0.0	0.0	0.0	1	18	87	168	162	252	177	106	78	73	55	54	25	30	14	6	12	16	17	21	72	182	187	231	260	344	217	123	49	15	2	0.0	0.0	0.0	0.0	0.0	0.0	0.0
	
High Count
	Red-eyed Vireo	0.0	0.0	0.0	0.0	0.0	0.0	0.0	0.0	0.0	0.0	1	8	23	40	30	25	260	12	20	20	7	20	10	4	10	4	2	2	10	15	15	323	40	311	60	50	25	50	12	5	2	0.0	0.0	0.0	0.0	0.0	0.0	0.0
	# checklists reporting species - (Red-eyed Vireo)	0.0	0.0	0.0	0.0	0.0	0.0	0.0	0.0	0.0	0.0	1	19	94	184	171	272	196	112	85	76	57	56	27	31	14	7	12	16	19	21	79	193	199	249	282	364	232	135	58	16	2	0.0	0.0	0.0	0.0	0.0	0.0	0.0
	
Totals
	Red-eyed Vireo	0.0	0.0	0.0	0.0	0.0	0.0	0.0	0.0	0.0	0.0	1	40	359	603	629	873	848	322	201	173	94	116	53	36	33	9	13	18	40	64	204	1021	871	1650	1415	1791	845	478	105	30	3	0.0	0.0	0.0	0.0	0.0	0.0	0.0
	# checklists reporting species - (Red-eyed Vireo)	0.0	0.0	0.0	0.0	0.0	0.0	0.0	0.0	0.0	0.0	1	18	90	172	165	255	180	109	79	75	55	54	26	30	14	6	12	16	19	21	78	188	193	241	271	357	230	131	53	16	2	0.0	0.0	0.0	0.0	0.0	0.0	0.0
	
Average Count
	Red-eyed Vireo	0.0	0.0	0.0	0.0	0.0	0.0	0.0	0.0	0.0	0.0	1.0	2.2222222222222223	3.988888888888889	3.505813953488372	3.812121212121212	3.4235294117647057	4.711111111111111	2.9541284403669725	2.5443037974683542	2.3066666666666666	1.709090909090909	2.1481481481481484	2.0384615384615383	1.2	2.357142857142857	1.5	1.0833333333333333	1.125	2.1052631578947367	3.0476190476190474	2.6153846153846154	5.430851063829787	4.512953367875648	6.846473029045643	5.22140221402214	5.016806722689076	3.6739130434782608	3.648854961832061	1.9811320754716981	1.875	1.5	0.0	0.0	0.0	0.0	0.0	0.0	0.0
	# checklists reporting species - (Red-eyed Vireo)	0.0	0.0	0.0	0.0	0.0	0.0	0.0	0.0	0.0	0.0	1	18	90	172	165	255	180	109	79	75	55	54	26	30	14	6	12	16	19	21	78	188	193	241	271	357	230	131	53	16	2	0.0	0.0	0.0	0.0	0.0	0.0	0.0
	
