

	Week starting on...	1/1	1/8	1/15	1/22	2/1	2/8	2/15	2/22	3/1	3/8	3/15	3/22	4/1	4/8	4/15	4/22	5/1	5/8	5/15	5/22	6/1	6/8	6/15	6/22	7/1	7/8	7/15	7/22	8/1	8/8	8/15	8/22	9/1	9/8	9/15	9/22	10/1	10/8	10/15	10/22	11/1	11/8	11/15	11/22	12/1	12/8	12/15	12/22
Frequency (%)
	Red-eyed Vireo	0.0	0.0	0.0	0.0	0.0	0.0	0.0	0.0	0.0	0.0	0.0	0.0	0.0	0.0	0.0	2.3529411764705883	7.6923076923076925	8.21917808219178	6.349206349206349	8.799999999999999	2.857142857142857	8.450704225352112	1.7241379310344827	4.0	14.634146341463413	1.694915254237288	4.081632653061225	3.1914893617021276	1.1235955056179776	0.0	1.282051282051282	2.5	3.389830508474576	0.0	6.122448979591836	6.8181818181818175	9.30232558139535	6.578947368421052	1.0101010101010102	1.0204081632653061	0.0	0.0	0.0	0.0	0.0	0.0	0.0	0.0
	Total # checklists submitted - (Red-eyed Vireo)	93	38	69	83	37	82	83	21	43	38	40	53	97	68	66	85	52	73	63	125	70	71	58	100	41	59	49	94	89	54	78	80	59	42	49	44	43	76	99	98	60	54	66	64	54	84	15	88
	
Abundance
	Red-eyed Vireo	0.0	0.0	0.0	0.0	0.0	0.0	0.0	0.0	0.0	0.0	0.0	0.0	0.0	0.0	0.0	0.023529411764705882	0.057692307692307696	0.0821917808219178	0.12698412698412698	0.136	0.05714285714285714	0.1267605633802817	0.017241379310344827	0.04	0.12195121951219512	0.01694915254237288	0.02040816326530612	0.02127659574468085	0.011235955056179775	0.0	0.01282051282051282	0.0375	0.11864406779661017	0.0	0.22448979591836735	0.29545454545454547	0.2558139534883721	0.11842105263157894	0.010101010101010102	0.02040816326530612	0.0	0.0	0.0	0.0	0.0	0.0	0.0	0.0
	Total # checklists submitted - (Red-eyed Vireo)	93	38	69	83	37	82	83	21	43	38	40	53	97	68	66	85	52	73	63	125	70	71	58	100	41	59	49	94	89	54	78	80	59	42	49	44	43	76	99	98	60	54	66	64	54	84	15	88
	
Birds Per Party Hour
	Red-eyed Vireo	0.0	0.0	0.0	0.0	0.0	0.0	0.0	0.0	0.0	0.0	0.0	0.0	0.0	0.0	0.0	1.0666666666666667	0.7005711196608795	1.2572341353831387	1.7783402881400103	1.1788112521419714	1.149479775495563	1.5462742296040595	0.46146746654360865	1.025178866263071	1.2489451648066874	0.125	0.4444444444444444	0.6555655565556555	1.0	0.0	0.5998800239952009	0.25	0.5888888888888889	0.0	1.7630249447426587	0.676062057929114	1.090338936858528	1.2082196482196481	0.368052999631947	0.6315124723713293	0.0	0.0	0.0	0.0	0.0	0.0	0.0	0.0
	# checklists reporting species - (Red-eyed Vireo)	0.0	0.0	0.0	0.0	0.0	0.0	0.0	0.0	0.0	0.0	0.0	0.0	0.0	0.0	0.0	2	3	5	3	7	3	6	1	2	4	2	1	3	1	0.0	1	2	3	0.0	2	2	4	5	1	1	0.0	0.0	0.0	0.0	0.0	0.0	0.0	0.0
	
High Count
	Red-eyed Vireo	0.0	0.0	0.0	0.0	0.0	0.0	0.0	0.0	0.0	0.0	0.0	0.0	0.0	0.0	0.0	1	1	2	6	5	5	3	1	3	1	1	1	1	1	0.0	1	2	6	0.0	8	8	5	2	1	2	0.0	0.0	0.0	0.0	0.0	0.0	0.0	0.0
	# checklists reporting species - (Red-eyed Vireo)	0.0	0.0	0.0	0.0	0.0	0.0	0.0	0.0	0.0	0.0	0.0	0.0	0.0	0.0	0.0	2	4	6	4	13	3	7	1	5	6	2	2	4	2	0.0	1	3	3	0.0	3	3	4	5	1	1	0.0	0.0	0.0	0.0	0.0	0.0	0.0	0.0
	
Totals
	Red-eyed Vireo	0.0	0.0	0.0	0.0	0.0	0.0	0.0	0.0	0.0	0.0	0.0	0.0	0.0	0.0	0.0	2	3	6	8	19	9	10	1	6	5	2	1	3	1	0.0	1	5	9	0.0	11	13	11	9	1	2	0.0	0.0	0.0	0.0	0.0	0.0	0.0	0.0
	# checklists reporting species - (Red-eyed Vireo)	0.0	0.0	0.0	0.0	0.0	0.0	0.0	0.0	0.0	0.0	0.0	0.0	0.0	0.0	0.0	2	3	5	3	9	3	7	1	3	5	2	1	3	1	0.0	1	3	3	0.0	3	2	4	5	1	1	0.0	0.0	0.0	0.0	0.0	0.0	0.0	0.0
	
Average Count
	Red-eyed Vireo	0.0	0.0	0.0	0.0	0.0	0.0	0.0	0.0	0.0	0.0	0.0	0.0	0.0	0.0	0.0	1.0	1.0	1.2	2.6666666666666665	2.111111111111111	3.0	1.4285714285714286	1.0	2.0	1.0	1.0	1.0	1.0	1.0	0.0	1.0	1.6666666666666667	3.0	0.0	3.6666666666666665	6.5	2.75	1.8	1.0	2.0	0.0	0.0	0.0	0.0	0.0	0.0	0.0	0.0
	# checklists reporting species - (Red-eyed Vireo)	0.0	0.0	0.0	0.0	0.0	0.0	0.0	0.0	0.0	0.0	0.0	0.0	0.0	0.0	0.0	2	3	5	3	9	3	7	1	3	5	2	1	3	1	0.0	1	3	3	0.0	3	2	4	5	1	1	0.0	0.0	0.0	0.0	0.0	0.0	0.0	0.0
	
