

	Week starting on...	1/1	1/8	1/15	1/22	2/1	2/8	2/15	2/22	3/1	3/8	3/15	3/22	4/1	4/8	4/15	4/22	5/1	5/8	5/15	5/22	6/1	6/8	6/15	6/22	7/1	7/8	7/15	7/22	8/1	8/8	8/15	8/22	9/1	9/8	9/15	9/22	10/1	10/8	10/15	10/22	11/1	11/8	11/15	11/22	12/1	12/8	12/15	12/22
Frequency (%)
	Red-eyed Vireo	0.0	0.0	0.0	0.0	0.0	0.0	0.0	0.0	0.0	0.0	0.0	0.0	0.0	0.0	0.0	0.07052186177715092	0.9932600212841434	9.592822636300898	25.589910496338486	32.52336448598131	19.90950226244344	16.479400749063668	15.205913410770854	10.849056603773585	12.934131736526947	11.257309941520468	9.365558912386707	8.020304568527918	6.317411402157165	7.355021216407355	9.781357882623706	15.09433962264151	17.712177121771216	19.726027397260275	10.2803738317757	7.779255319148937	4.595879556259905	1.2878787878787878	0.7358953393295176	0.125	0.08431703204047217	0.08149959250203749	0.0	0.0	0.0	0.0	0.0	0.0
	Total # checklists submitted - (Red-eyed Vireo)	1857	1368	1271	1712	1158	1380	2520	1328	1371	1500	1604	2208	1890	1970	2232	2836	2819	2898	2458	2675	1105	1068	947	1272	835	684	662	985	649	707	869	1325	1084	1095	1070	1504	1262	1320	1223	1600	1186	1227	979	1265	921	838	909	1959
	
Abundance
	Red-eyed Vireo	0.0	0.0	0.0	0.0	0.0	0.0	0.0	0.0	0.0	0.0	0.0	0.0	0.0	0.0	0.0	0.0014104372355430183	0.009932600212841433	0.19358178053830227	0.6387306753458096	1.0366355140186916	0.4796380090497738	0.32209737827715357	0.33368532206969376	0.19418238993710693	0.19880239520958085	0.2631578947368421	0.17371601208459214	0.13096446700507614	0.09244992295839753	0.15841584158415842	0.17951668584579977	0.300377358490566	0.5249077490774908	0.42557077625570777	0.18785046728971963	0.12898936170212766	0.07527733755942947	0.014393939393939395	0.008994276369582993	0.001875	8.431703204047217E-4	8.149959250203749E-4	0.0	0.0	0.0	0.0	0.0	0.0
	Total # checklists submitted - (Red-eyed Vireo)	1857	1368	1271	1712	1158	1380	2520	1328	1371	1500	1604	2208	1890	1970	2232	2836	2819	2898	2458	2675	1105	1068	947	1272	835	684	662	985	649	707	869	1325	1084	1095	1070	1504	1262	1320	1223	1600	1186	1227	979	1265	921	838	909	1959
	
Birds Per Party Hour
	Red-eyed Vireo	0.0	0.0	0.0	0.0	0.0	0.0	0.0	0.0	0.0	0.0	0.0	0.0	0.0	0.0	0.0	1.0	0.5903268514703734	1.2287789590542355	1.4905527965313141	2.1845829178927834	4.234133668747978	4.587161410811668	3.9127077954694975	4.644897129413843	4.3415049988797305	2.438457009142665	1.4179688707265492	1.0436674570802844	1.052170518311868	1.381040729172513	1.282684343977067	1.1201413576547106	1.1419855647973205	1.278458436237512	0.9992331175340852	0.8104566611756365	0.69647706712855	0.7036509800728848	0.419680464778504	0.2261904761904762	0.125	0.9372071227741331	0.0	0.0	0.0	0.0	0.0	0.0
	# checklists reporting species - (Red-eyed Vireo)	0.0	0.0	0.0	0.0	0.0	0.0	0.0	0.0	0.0	0.0	0.0	0.0	0.0	0.0	0.0	1	24	274	606	820	213	157	131	124	100	70	54	75	37	51	79	192	187	211	106	114	55	15	9	2	1	1	0.0	0.0	0.0	0.0	0.0	0.0
	
High Count
	Red-eyed Vireo	0.0	0.0	0.0	0.0	0.0	0.0	0.0	0.0	0.0	0.0	0.0	0.0	0.0	0.0	0.0	3	2	24	33	42	15	27	32	16	8	14	6	8	7	15	10	16	46	16	11	9	15	2	2	2	1	1	0.0	0.0	0.0	0.0	0.0	0.0
	# checklists reporting species - (Red-eyed Vireo)	0.0	0.0	0.0	0.0	0.0	0.0	0.0	0.0	0.0	0.0	0.0	0.0	0.0	0.0	0.0	2	31	305	702	1005	330	279	364	440	314	152	66	86	43	58	94	220	205	229	121	127	62	19	10	2	1	1	0.0	0.0	0.0	0.0	0.0	0.0
	
Totals
	Red-eyed Vireo	0.0	0.0	0.0	0.0	0.0	0.0	0.0	0.0	0.0	0.0	0.0	0.0	0.0	0.0	0.0	4	30	618	1680	3024	655	455	541	548	374	253	118	136	62	119	166	434	592	481	216	204	101	20	12	3	1	1	0.0	0.0	0.0	0.0	0.0	0.0
	# checklists reporting species - (Red-eyed Vireo)	0.0	0.0	0.0	0.0	0.0	0.0	0.0	0.0	0.0	0.0	0.0	0.0	0.0	0.0	0.0	2	28	288	644	931	312	256	349	429	296	144	60	82	39	54	90	209	199	220	115	124	60	17	10	2	1	1	0.0	0.0	0.0	0.0	0.0	0.0
	
Average Count
	Red-eyed Vireo	0.0	0.0	0.0	0.0	0.0	0.0	0.0	0.0	0.0	0.0	0.0	0.0	0.0	0.0	0.0	2.0	1.0714285714285714	2.1458333333333335	2.608695652173913	3.2481203007518795	2.0993589743589745	1.77734375	1.5501432664756447	1.2773892773892774	1.2635135135135136	1.7569444444444444	1.9666666666666666	1.6585365853658536	1.5897435897435896	2.2037037037037037	1.8444444444444446	2.076555023923445	2.9748743718592965	2.1863636363636365	1.8782608695652174	1.6451612903225807	1.6833333333333333	1.1764705882352942	1.2	1.5	1.0	1.0	0.0	0.0	0.0	0.0	0.0	0.0
	# checklists reporting species - (Red-eyed Vireo)	0.0	0.0	0.0	0.0	0.0	0.0	0.0	0.0	0.0	0.0	0.0	0.0	0.0	0.0	0.0	2	28	288	644	931	312	256	349	429	296	144	60	82	39	54	90	209	199	220	115	124	60	17	10	2	1	1	0.0	0.0	0.0	0.0	0.0	0.0
	
