

	Week starting on...	1/1	1/8	1/15	1/22	2/1	2/8	2/15	2/22	3/1	3/8	3/15	3/22	4/1	4/8	4/15	4/22	5/1	5/8	5/15	5/22	6/1	6/8	6/15	6/22	7/1	7/8	7/15	7/22	8/1	8/8	8/15	8/22	9/1	9/8	9/15	9/22	10/1	10/8	10/15	10/22	11/1	11/8	11/15	11/22	12/1	12/8	12/15	12/22
Frequency (%)
	Red-eyed Vireo	0.0	0.0	0.0	0.0	0.0	0.0	0.0	0.0	0.0	0.0	0.0	0.0	0.0	0.0	0.0	0.0	0.0	1.6194331983805668	10.719322990126939	37.75671406003159	53.141361256544506	60.901467505241094	59.91416309012876	58.5345545378851	57.21271393643031	53.46820809248555	40.15748031496063	36.0313315926893	32.55813953488372	30.303030303030305	23.170731707317074	23.462414578587698	25.79710144927536	14.576271186440678	4.464285714285714	1.7804154302670623	0.22371364653243847	0.0	0.0	0.0	0.0	0.0	0.0	0.0	0.0	0.0	0.0	0.0
	Total # checklists submitted - (Red-eyed Vireo)	329	321	394	653	462	563	841	409	426	472	491	822	701	695	648	715	567	494	709	633	764	954	1165	1201	1227	346	254	383	258	297	246	439	345	295	224	337	447	227	256	266	201	180	195	212	220	129	245	250
	
Abundance
	Red-eyed Vireo	0.0	0.0	0.0	0.0	0.0	0.0	0.0	0.0	0.0	0.0	0.0	0.0	0.0	0.0	0.0	0.0	0.0	0.012145748987854251	0.17066290550070523	0.933649289099526	1.0916230366492146	1.2054507337526206	1.130472103004292	1.096586178184846	1.1401792991035045	1.2283236994219653	0.7125984251968503	0.5535248041775457	0.6317829457364341	0.5925925925925926	0.5894308943089431	0.6082004555808656	0.5565217391304348	0.16610169491525423	0.049107142857142856	0.02373887240356083	0.0022371364653243847	0.0	0.0	0.0	0.0	0.0	0.0	0.0	0.0	0.0	0.0	0.0
	Total # checklists submitted - (Red-eyed Vireo)	329	321	394	653	462	563	841	409	426	472	491	822	701	695	648	715	567	494	709	633	764	954	1165	1201	1227	346	254	383	258	297	246	439	345	295	224	337	447	227	256	266	201	180	195	212	220	129	245	250
	
Birds Per Party Hour
	Red-eyed Vireo	0.0	0.0	0.0	0.0	0.0	0.0	0.0	0.0	0.0	0.0	0.0	0.0	0.0	0.0	0.0	0.0	0.0	0.6384454904063284	2.713276009886544	4.567681886819792	11.479381714525536	15.397488080404937	18.07827612412436	17.697157302638473	17.47596575444035	11.553196253874608	3.5774896504300053	3.280560955338599	3.8489764237000252	3.976446423460001	2.67518179129541	4.423427631939428	2.0981622150187946	2.7882245692066006	1.2511871603157585	0.5590924749891502	0.4444444444444444	0.0	0.0	0.0	0.0	0.0	0.0	0.0	0.0	0.0	0.0	0.0
	# checklists reporting species - (Red-eyed Vireo)	0.0	0.0	0.0	0.0	0.0	0.0	0.0	0.0	0.0	0.0	0.0	0.0	0.0	0.0	0.0	0.0	0	7	69	228	389	564	666	654	666	154	63	91	65	62	43	64	76	33	6	5	1	0.0	0.0	0.0	0.0	0.0	0.0	0.0	0.0	0.0	0.0	0.0
	
High Count
	Red-eyed Vireo	0.0	0.0	0.0	0.0	0.0	0.0	0.0	0.0	0.0	0.0	0.0	0.0	0.0	0.0	0.0	0.0	2	1	10	35	20	15	50	30	66	20	15	14	8	10	15	49	14	4	4	2	1	0.0	0.0	0.0	0.0	0.0	0.0	0.0	0.0	0.0	0.0	0.0
	# checklists reporting species - (Red-eyed Vireo)	0.0	0.0	0.0	0.0	0.0	0.0	0.0	0.0	0.0	0.0	0.0	0.0	0.0	0.0	0.0	0.0	3	16	87	278	428	598	711	723	707	196	112	152	86	94	62	113	98	45	13	6	1	0.0	0.0	0.0	0.0	0.0	0.0	0.0	0.0	0.0	0.0	0.0
	
Totals
	Red-eyed Vireo	0.0	0.0	0.0	0.0	0.0	0.0	0.0	0.0	0.0	0.0	0.0	0.0	0.0	0.0	0.0	0.0	3	8	131	640	857	1167	1342	1341	1405	431	208	224	165	180	147	279	200	50	13	8	1	0.0	0.0	0.0	0.0	0.0	0.0	0.0	0.0	0.0	0.0	0.0
	# checklists reporting species - (Red-eyed Vireo)	0.0	0.0	0.0	0.0	0.0	0.0	0.0	0.0	0.0	0.0	0.0	0.0	0.0	0.0	0.0	0.0	2	8	74	240	399	573	674	669	680	174	77	110	74	74	47	85	87	34	7	5	1	0.0	0.0	0.0	0.0	0.0	0.0	0.0	0.0	0.0	0.0	0.0
	
Average Count
	Red-eyed Vireo	0.0	0.0	0.0	0.0	0.0	0.0	0.0	0.0	0.0	0.0	0.0	0.0	0.0	0.0	0.0	0.0	1.5	1.0	1.7702702702702702	2.6666666666666665	2.1478696741854635	2.0366492146596857	1.9910979228486647	2.004484304932735	2.0661764705882355	2.4770114942528734	2.7012987012987013	2.036363636363636	2.22972972972973	2.4324324324324325	3.127659574468085	3.2823529411764705	2.2988505747126435	1.4705882352941178	1.8571428571428572	1.6	1.0	0.0	0.0	0.0	0.0	0.0	0.0	0.0	0.0	0.0	0.0	0.0
	# checklists reporting species - (Red-eyed Vireo)	0.0	0.0	0.0	0.0	0.0	0.0	0.0	0.0	0.0	0.0	0.0	0.0	0.0	0.0	0.0	0.0	2	8	74	240	399	573	674	669	680	174	77	110	74	74	47	85	87	34	7	5	1	0.0	0.0	0.0	0.0	0.0	0.0	0.0	0.0	0.0	0.0	0.0
	
