

	Week starting on...	1/1	1/8	1/15	1/22	2/1	2/8	2/15	2/22	3/1	3/8	3/15	3/22	4/1	4/8	4/15	4/22	5/1	5/8	5/15	5/22	6/1	6/8	6/15	6/22	7/1	7/8	7/15	7/22	8/1	8/8	8/15	8/22	9/1	9/8	9/15	9/22	10/1	10/8	10/15	10/22	11/1	11/8	11/15	11/22	12/1	12/8	12/15	12/22
Frequency (%)
	Red-eyed Vireo	0.0	0.0	0.0	0.0	0.0	0.0	0.0	0.0	0.0	0.0	0.0	0.0	0.0	0.04391743522178305	2.4680851063829787	18.140293637846653	39.689578713968956	45.14285714285714	43.509272467902996	37.944162436548226	28.203389830508474	26.44194756554307	27.16845878136201	26.238286479250334	27.4601686972821	26.64835164835165	24.236983842010773	18.745644599303134	16.10738255033557	14.352283317800559	14.465408805031446	17.376681614349778	17.700258397932817	15.125448028673835	15.384615384615385	10.853589598643302	7.249466950959488	3.0344827586206895	0.8112094395280236	0.19464720194647203	0.0	0.0	0.0	0.0	0.0	0.0	0.0	0.0
	Total # checklists submitted - (Red-eyed Vireo)	2248	1676	1819	2473	1695	2412	4021	1809	1646	1903	1744	2563	2066	2277	2350	3065	2706	2450	2103	2364	1475	1335	1395	1494	1067	1092	1114	1435	1043	1073	1113	1784	1548	1395	1365	1769	1407	1450	1356	2055	1349	1335	1369	1795	1226	1178	1315	1845
	
Abundance
	Red-eyed Vireo	0.0	0.0	0.0	0.0	0.0	0.0	0.0	0.0	0.0	0.0	0.0	0.0	0.0	4.391743522178305E-4	0.05106382978723404	0.5579119086460033	1.680339985218034	1.833469387755102	1.5867807893485497	1.24746192893401	0.7498305084745762	0.7423220973782771	0.785663082437276	0.7536813922356091	0.8744142455482662	0.7335164835164835	0.552064631956912	0.4313588850174216	0.3451581975071908	0.35787511649580617	0.3710691823899371	0.4069506726457399	0.44896640826873385	0.4021505376344086	0.31868131868131866	0.23742227247032222	0.0945273631840796	0.032413793103448274	0.007374631268436578	0.00145985401459854	0.0	0.0	0.0	0.0	0.0	0.0	0.0	0.0
	Total # checklists submitted - (Red-eyed Vireo)	2248	1676	1819	2473	1695	2412	4021	1809	1646	1903	1744	2563	2066	2277	2350	3065	2706	2450	2103	2364	1475	1335	1395	1494	1067	1092	1114	1435	1043	1073	1113	1784	1548	1395	1365	1769	1407	1450	1356	2055	1349	1335	1369	1795	1226	1178	1315	1845
	
Birds Per Party Hour
	Red-eyed Vireo	0.0	0.0	0.0	0.0	0.0	0.0	0.0	0.0	0.0	0.0	0.0	0.0	0.0	4.608294930875576	1.0704049677143177	1.9139028425579168	3.0650209601213305	3.395124688982034	3.5884828004063896	2.8215743420095443	2.948465025044794	3.289618280726916	2.8920826648876683	2.3996512699413537	2.1213142665702676	1.9509432245312877	1.3462904423820081	1.4189546281901169	1.2773942512213536	1.5424989103143676	1.426053924077023	1.4476217940805247	1.4812816329721321	1.535269032030181	1.449448321689274	1.325240901469224	1.1451503785989747	0.6866840732229248	1.0141182438346839	1.5	0.0	0.0	0.0	0.0	0.0	0.0	0.0	0.0
	# checklists reporting species - (Red-eyed Vireo)	0.0	0.0	0.0	0.0	0.0	0.0	0.0	0.0	0.0	0.0	0.0	0.0	0.0	1	46	495	984	1063	875	855	381	317	331	351	262	265	241	237	143	138	140	280	238	180	189	163	82	36	10	3	0.0	0.0	0.0	0.0	0.0	0.0	0.0	0.0
	
High Count
	Red-eyed Vireo	0.0	0.0	0.0	0.0	0.0	0.0	0.0	0.0	0.0	0.0	0.0	0.0	0.0	1	15	38	71	45	30	29	15	31	36	22	24	14	14	28	14	19	23	32	24	12	14	15	5	2	1	1	0.0	0.0	0.0	0.0	0.0	0.0	0.0	0.0
	# checklists reporting species - (Red-eyed Vireo)	0.0	0.0	0.0	0.0	0.0	0.0	0.0	0.0	0.0	0.0	0.0	0.0	0.0	1	66	636	1210	1230	1039	1009	441	364	390	415	325	312	294	284	174	169	172	343	302	230	227	210	111	46	11	4	0.0	0.0	0.0	0.0	0.0	0.0	0.0	0.0
	
Totals
	Red-eyed Vireo	0.0	0.0	0.0	0.0	0.0	0.0	0.0	0.0	0.0	0.0	0.0	0.0	0.0	1	125	1833	4879	4884	3632	3151	1141	1024	1119	1141	966	822	632	628	366	417	425	782	738	605	456	446	139	48	10	3	0.0	0.0	0.0	0.0	0.0	0.0	0.0	0.0
	# checklists reporting species - (Red-eyed Vireo)	0.0	0.0	0.0	0.0	0.0	0.0	0.0	0.0	0.0	0.0	0.0	0.0	0.0	1	55	566	1086	1119	938	905	409	345	358	391	292	289	266	261	161	153	159	319	280	214	212	193	101	41	10	3	0.0	0.0	0.0	0.0	0.0	0.0	0.0	0.0
	
Average Count
	Red-eyed Vireo	0.0	0.0	0.0	0.0	0.0	0.0	0.0	0.0	0.0	0.0	0.0	0.0	0.0	1.0	2.272727272727273	3.2385159010600706	4.4926335174953955	4.3646112600536195	3.8720682302771854	3.481767955801105	2.7897310513447433	2.9681159420289855	3.125698324022346	2.918158567774936	3.308219178082192	2.8442906574394464	2.3759398496240602	2.4061302681992336	2.2732919254658386	2.7254901960784315	2.6729559748427674	2.45141065830721	2.6357142857142857	2.8271028037383177	2.150943396226415	2.3108808290155443	1.3762376237623761	1.170731707317073	1.0	1.0	0.0	0.0	0.0	0.0	0.0	0.0	0.0	0.0
	# checklists reporting species - (Red-eyed Vireo)	0.0	0.0	0.0	0.0	0.0	0.0	0.0	0.0	0.0	0.0	0.0	0.0	0.0	1	55	566	1086	1119	938	905	409	345	358	391	292	289	266	261	161	153	159	319	280	214	212	193	101	41	10	3	0.0	0.0	0.0	0.0	0.0	0.0	0.0	0.0
	
