

	Week starting on...	1/1	1/8	1/15	1/22	2/1	2/8	2/15	2/22	3/1	3/8	3/15	3/22	4/1	4/8	4/15	4/22	5/1	5/8	5/15	5/22	6/1	6/8	6/15	6/22	7/1	7/8	7/15	7/22	8/1	8/8	8/15	8/22	9/1	9/8	9/15	9/22	10/1	10/8	10/15	10/22	11/1	11/8	11/15	11/22	12/1	12/8	12/15	12/22
Frequency (%)
	Red-eyed Vireo	0.0	0.0	0.0	0.0	0.0	0.0	0.0	0.0	0.0	0.0	0.0	0.08203445447087777	1.2738853503184715	7.751196172248803	23.35216572504708	35.53299492385787	33.187006145741876	33.07163886162905	30.058651026392962	25.63451776649746	24.697754749568222	25.27881040892193	24.59016393442623	20.824742268041238	16.75392670157068	13.513513513513514	11.641791044776118	12.085769980506821	8.527131782945736	12.039312039312039	8.742004264392325	13.23529411764706	16.095890410958905	18.167202572347264	17.355371900826448	19.53232462173315	14.221556886227546	4.658901830282862	2.5848142164781907	0.24875621890547264	0.3412969283276451	0.0	0.0	0.0	0.0	0.0	0.0	0.0
	Total # checklists submitted - (Red-eyed Vireo)	1185	809	772	1216	849	1805	3155	774	762	751	760	1219	942	1045	1062	1576	1139	1019	682	788	579	538	427	485	382	333	335	513	387	407	469	748	584	622	605	727	668	601	619	804	586	668	660	922	615	531	599	719
	
Abundance
	Red-eyed Vireo	0.0	0.0	0.0	0.0	0.0	0.0	0.0	0.0	0.0	0.0	0.0	8.203445447087777E-4	0.025477707006369428	0.1397129186602871	0.4934086629001883	1.1288071065989849	1.1264266900790167	1.1099116781157998	0.7478005865102639	0.5647208121827412	0.46459412780656306	0.6356877323420075	0.5831381733021077	0.6783505154639176	0.5602094240837696	0.35735735735735735	0.21791044776119403	0.25146198830409355	0.1421188630490956	0.22113022113022113	0.11513859275053305	0.24732620320855614	0.2876712328767123	0.3247588424437299	0.36363636363636365	0.4786795048143054	0.2949101796407186	0.059900166389351084	0.025848142164781908	0.0024875621890547263	0.0034129692832764505	0.0	0.0	0.0	0.0	0.0	0.0	0.0
	Total # checklists submitted - (Red-eyed Vireo)	1185	809	772	1216	849	1805	3155	774	762	751	760	1219	942	1045	1062	1576	1139	1019	682	788	579	538	427	485	382	333	335	513	387	407	469	748	584	622	605	727	668	601	619	804	586	668	660	922	615	531	599	719
	
Birds Per Party Hour
	Red-eyed Vireo	0.0	0.0	0.0	0.0	0.0	0.0	0.0	0.0	0.0	0.0	0.0	0.46146746654360865	2.221569254019637	1.5010650198598978	1.8678730571030062	2.456203410601826	2.419908999856055	2.15313096587075	2.3511844636785093	2.1800172234806934	4.108673741405055	4.082667169303592	2.203423418970392	2.3094950477467595	1.7007445999259965	2.2011457620349795	1.232340597093713	1.3184811491238722	1.274839924210242	3.4675053691536672	1.2874707911827317	1.3645725276575786	1.441413726024923	1.9550095148376816	1.6198885194101509	1.5339981101353322	1.2265713386206227	1.2172800255376495	0.8780014094091152	0.5640670666051377	0.7	0.0	0.0	0.0	0.0	0.0	0.0	0.0
	# checklists reporting species - (Red-eyed Vireo)	0.0	0.0	0.0	0.0	0.0	0.0	0.0	0.0	0.0	0.0	0.0	1	12	83	228	568	375	326	207	194	144	136	105	101	66	46	42	63	31	49	39	94	90	106	105	148	98	31	15	2	2	0.0	0.0	0.0	0.0	0.0	0.0	0.0
	
High Count
	Red-eyed Vireo	0.0	0.0	0.0	0.0	0.0	0.0	0.0	0.0	0.0	0.0	0.0	1	6	7	15	25	49	68	18	12	13	20	21	19	37	12	6	12	4	7	3	20	12	25	10	21	25	4	1	1	1	0.0	0.0	0.0	0.0	0.0	0.0	0.0
	# checklists reporting species - (Red-eyed Vireo)	0.0	0.0	0.0	0.0	0.0	0.0	0.0	0.0	0.0	0.0	0.0	1	13	92	264	606	406	351	218	216	149	140	111	104	67	46	44	64	34	50	43	102	97	119	110	157	100	32	16	3	2	0.0	0.0	0.0	0.0	0.0	0.0	0.0
	
Totals
	Red-eyed Vireo	0.0	0.0	0.0	0.0	0.0	0.0	0.0	0.0	0.0	0.0	0.0	1	25	166	555	1883	1348	1167	532	458	275	351	260	337	219	120	78	131	56	97	56	189	172	214	227	375	208	41	16	3	2	0.0	0.0	0.0	0.0	0.0	0.0	0.0
	# checklists reporting species - (Red-eyed Vireo)	0.0	0.0	0.0	0.0	0.0	0.0	0.0	0.0	0.0	0.0	0.0	1	13	91	248	592	392	342	212	198	148	138	108	103	66	46	43	63	33	50	41	99	96	115	110	156	99	32	16	3	2	0.0	0.0	0.0	0.0	0.0	0.0	0.0
	
Average Count
	Red-eyed Vireo	0.0	0.0	0.0	0.0	0.0	0.0	0.0	0.0	0.0	0.0	0.0	1.0	1.9230769230769231	1.8241758241758241	2.2379032258064515	3.1807432432432434	3.438775510204082	3.412280701754386	2.509433962264151	2.313131313131313	1.8581081081081081	2.5434782608695654	2.4074074074074074	3.2718446601941746	3.3181818181818183	2.608695652173913	1.813953488372093	2.0793650793650795	1.696969696969697	1.94	1.3658536585365855	1.9090909090909092	1.7916666666666667	1.8608695652173912	2.0636363636363635	2.4038461538461537	2.101010101010101	1.28125	1.0	1.0	1.0	0.0	0.0	0.0	0.0	0.0	0.0	0.0
	# checklists reporting species - (Red-eyed Vireo)	0.0	0.0	0.0	0.0	0.0	0.0	0.0	0.0	0.0	0.0	0.0	1	13	91	248	592	392	342	212	198	148	138	108	103	66	46	43	63	33	50	41	99	96	115	110	156	99	32	16	3	2	0.0	0.0	0.0	0.0	0.0	0.0	0.0
	
