

	Week starting on...	1/1	1/8	1/15	1/22	2/1	2/8	2/15	2/22	3/1	3/8	3/15	3/22	4/1	4/8	4/15	4/22	5/1	5/8	5/15	5/22	6/1	6/8	6/15	6/22	7/1	7/8	7/15	7/22	8/1	8/8	8/15	8/22	9/1	9/8	9/15	9/22	10/1	10/8	10/15	10/22	11/1	11/8	11/15	11/22	12/1	12/8	12/15	12/22
Frequency (%)
	Red-eyed Vireo	0.0	0.0	0.0	0.0	0.0	0.0	0.0	0.0	0.0	0.0	0.0	0.0	1.0802469135802468	8.597285067873303	21.51394422310757	34.64646464646465	34.90701001430615	28.698224852071007	26.368159203980102	18.543046357615893	18.67704280155642	20.44943820224719	19.36936936936937	15.398230088495577	15.326633165829145	9.97624703087886	9.49074074074074	6.844106463878327	7.434052757793765	7.741935483870968	5.965909090909091	7.705192629815745	9.324009324009324	10.81081081081081	8.035714285714286	8.421052631578947	6.561679790026247	5.056179775280898	0.7009345794392523	0.40733197556008144	0.0	0.0	0.0	0.0	0.0	0.0	0.0	0.0
	Total # checklists submitted - (Red-eyed Vireo)	612	467	496	695	528	1156	1760	500	577	649	655	833	648	663	753	990	699	676	603	755	514	445	444	565	398	421	432	526	417	465	352	597	429	444	448	475	381	356	428	491	394	431	372	445	405	338	510	554
	
Abundance
	Red-eyed Vireo	0.0	0.0	0.0	0.0	0.0	0.0	0.0	0.0	0.0	0.0	0.0	0.0	0.010802469135802469	0.18250377073906485	0.547144754316069	1.0262626262626262	1.0200286123032904	0.7411242603550295	0.6135986733001658	0.45165562913907287	0.5583657587548638	0.5191011235955056	0.4572072072072072	0.39469026548672564	0.36180904522613067	0.17814726840855108	0.18287037037037038	0.11787072243346007	0.12949640287769784	0.14408602150537633	0.09090909090909091	0.11725293132328309	0.1561771561771562	0.20270270270270271	0.14955357142857142	0.12842105263157894	0.13123359580052493	0.05337078651685393	0.011682242990654205	0.004073319755600814	0.0	0.0	0.0	0.0	0.0	0.0	0.0	0.0
	Total # checklists submitted - (Red-eyed Vireo)	612	467	496	695	528	1156	1760	500	577	649	655	833	648	663	753	990	699	676	603	755	514	445	444	565	398	421	432	526	417	465	352	597	429	444	448	475	381	356	428	491	394	431	372	445	405	338	510	554
	
Birds Per Party Hour
	Red-eyed Vireo	0.0	0.0	0.0	0.0	0.0	0.0	0.0	0.0	0.0	0.0	0.0	0.0	0.467252604283336	1.833862105607118	3.5078085160308	2.8940186647227986	2.534575620092313	2.4216302570988764	3.0151244413420075	2.1882847292606846	1.9102042814027467	2.414370378147858	2.9201441459363218	1.967548308122386	2.346163668092064	1.3522080279208366	1.5846744766629275	2.293850663153491	1.2436476309390443	2.0633805822701863	1.3579639195832185	1.0592141589367134	1.427984045622484	1.5185783190623985	1.3682717061403198	1.2015335861157486	1.3406459991644577	1.0660053238711156	1.2619047619047619	0.5208098987626547	0.0	0.0	0.0	0.0	0.0	0.0	0.0	0.0
	# checklists reporting species - (Red-eyed Vireo)	0.0	0.0	0.0	0.0	0.0	0.0	0.0	0.0	0.0	0.0	0.0	0.0	7	56	157	335	229	187	147	142	92	86	83	89	58	41	40	35	29	34	20	46	39	50	34	40	26	18	3	2	0.0	0.0	0.0	0.0	0.0	0.0	0.0	0.0
	
High Count
	Red-eyed Vireo	0.0	0.0	0.0	0.0	0.0	0.0	0.0	0.0	0.0	0.0	0.0	0.0	1	8	25	27	25	21	13	10	13	13	10	14	15	4	7	5	6	9	5	4	6	5	8	3	6	2	3	1	0.0	0.0	0.0	0.0	0.0	0.0	0.0	0.0
	# checklists reporting species - (Red-eyed Vireo)	0.0	0.0	0.0	0.0	0.0	0.0	0.0	0.0	0.0	0.0	0.0	0.0	7	66	176	370	269	205	166	155	98	94	87	94	62	44	41	37	32	36	22	50	42	53	36	43	29	19	3	2	0.0	0.0	0.0	0.0	0.0	0.0	0.0	0.0
	
Totals
	Red-eyed Vireo	0.0	0.0	0.0	0.0	0.0	0.0	0.0	0.0	0.0	0.0	0.0	0.0	7	130	428	1055	750	520	376	358	289	234	203	231	146	80	79	62	55	67	37	73	74	103	67	64	55	20	5	2	0.0	0.0	0.0	0.0	0.0	0.0	0.0	0.0
	# checklists reporting species - (Red-eyed Vireo)	0.0	0.0	0.0	0.0	0.0	0.0	0.0	0.0	0.0	0.0	0.0	0.0	7	59	167	351	257	195	159	145	97	89	85	91	60	42	40	35	31	36	22	48	42	53	35	41	29	19	3	2	0.0	0.0	0.0	0.0	0.0	0.0	0.0	0.0
	
Average Count
	Red-eyed Vireo	0.0	0.0	0.0	0.0	0.0	0.0	0.0	0.0	0.0	0.0	0.0	0.0	1.0	2.2033898305084745	2.562874251497006	3.005698005698006	2.9182879377431905	2.6666666666666665	2.3647798742138364	2.4689655172413794	2.979381443298969	2.6292134831460676	2.388235294117647	2.5384615384615383	2.433333333333333	1.9047619047619047	1.975	1.7714285714285714	1.7741935483870968	1.8611111111111112	1.6818181818181819	1.5208333333333333	1.7619047619047619	1.9433962264150944	1.9142857142857144	1.5609756097560976	1.896551724137931	1.0526315789473684	1.6666666666666667	1.0	0.0	0.0	0.0	0.0	0.0	0.0	0.0	0.0
	# checklists reporting species - (Red-eyed Vireo)	0.0	0.0	0.0	0.0	0.0	0.0	0.0	0.0	0.0	0.0	0.0	0.0	7	59	167	351	257	195	159	145	97	89	85	91	60	42	40	35	31	36	22	48	42	53	35	41	29	19	3	2	0.0	0.0	0.0	0.0	0.0	0.0	0.0	0.0
	
