

	Week starting on...	1/1	1/8	1/15	1/22	2/1	2/8	2/15	2/22	3/1	3/8	3/15	3/22	4/1	4/8	4/15	4/22	5/1	5/8	5/15	5/22	6/1	6/8	6/15	6/22	7/1	7/8	7/15	7/22	8/1	8/8	8/15	8/22	9/1	9/8	9/15	9/22	10/1	10/8	10/15	10/22	11/1	11/8	11/15	11/22	12/1	12/8	12/15	12/22
Frequency (%)
	Red-eyed Vireo	0.0	0.0	0.0	0.0	0.0	0.0	0.0	0.0	0.0	0.0	0.0	0.0	0.0	0.0	0.0	0.0	2.046783625730994	15.765765765765765	27.228070175438596	28.40909090909091	19.366626065773445	20.742637644046095	17.832647462277095	18.990384615384613	16.718266253869967	11.17117117117117	13.621262458471762	10.388247639034628	8.466453674121405	11.05691056910569	11.224489795918368	13.274336283185843	16.969696969696972	15.484633569739954	6.169154228855722	3.917220990391722	3.10077519379845	1.291248206599713	0.0	0.0	0.0	0.0	0.0	0.0	0.0	0.0	0.0	0.0
	Total # checklists submitted - (Red-eyed Vireo)	1157	749	844	944	712	1147	2111	877	773	880	1094	1641	1193	1298	1414	1872	1710	1776	1425	1232	821	781	729	832	646	555	602	953	626	615	686	1017	825	846	1005	1353	774	697	878	1264	931	700	813	1041	634	486	913	811
	
Abundance
	Red-eyed Vireo	0.0	0.0	0.0	0.0	0.0	0.0	0.0	0.0	0.0	0.0	0.0	0.0	0.0	0.0	0.0	0.0	0.018128654970760234	0.24436936936936937	0.5803508771929825	0.5811688311688312	0.4043848964677223	0.3994878361075544	0.32510288065843623	0.3125	0.3142414860681115	0.24144144144144145	0.2425249169435216	0.17523609653725078	0.13578274760383385	0.16097560975609757	0.15743440233236153	0.16519174041297935	0.30666666666666664	0.24940898345153664	0.08955223880597014	0.03991130820399113	0.031007751937984496	0.011477761836441894	0.0	0.0	0.0	0.0	0.0	0.0	0.0	0.0	0.0	0.0
	Total # checklists submitted - (Red-eyed Vireo)	1157	749	844	944	712	1147	2111	877	773	880	1094	1641	1193	1298	1414	1872	1710	1776	1425	1232	821	781	729	832	646	555	602	953	626	615	686	1017	825	846	1005	1353	774	697	878	1264	931	700	813	1041	634	486	913	811
	
Birds Per Party Hour
	Red-eyed Vireo	0.0	0.0	0.0	0.0	0.0	0.0	0.0	0.0	0.0	0.0	0.0	0.0	0.0	0.0	0.0	0.0	1.0585927782421463	1.2182376738174574	1.7493262485931367	2.046493269323087	1.8330029534043975	1.8263155955998327	1.7213724552132383	2.1381890554274325	1.8250860165147038	1.3963411292134915	1.3842377847528498	1.2863172776745504	1.3262289446483202	1.237408593747302	1.1968906951981724	1.3586780799725584	1.341735439927134	1.021471404377782	1.1477005384172891	0.8126424134054456	0.8804898257012526	0.5821573487220653	0.0	0.0	0.0	0.0	0.0	0.0	0.0	0.0	0.0	0.0
	# checklists reporting species - (Red-eyed Vireo)	0.0	0.0	0.0	0.0	0.0	0.0	0.0	0.0	0.0	0.0	0.0	0.0	0.0	0.0	0.0	0.0	25	239	339	279	131	135	97	121	83	56	70	79	42	55	60	98	122	115	59	51	24	8	0.0	0.0	0.0	0.0	0.0	0.0	0.0	0.0	0.0	0.0
	
High Count
	Red-eyed Vireo	0.0	0.0	0.0	0.0	0.0	0.0	0.0	0.0	0.0	0.0	0.0	0.0	0.0	0.0	0.0	0.0	3	19	43	27	40	14	19	15	26	14	10	7	7	7	5	5	7	6	5	2	2	1	0.0	0.0	0.0	0.0	0.0	0.0	0.0	0.0	0.0	0.0
	# checklists reporting species - (Red-eyed Vireo)	0.0	0.0	0.0	0.0	0.0	0.0	0.0	0.0	0.0	0.0	0.0	0.0	0.0	0.0	0.0	0.0	37	297	419	386	170	176	139	167	114	68	84	106	54	69	80	138	144	139	64	64	30	11	0.0	0.0	0.0	0.0	0.0	0.0	0.0	0.0	0.0	0.0
	
Totals
	Red-eyed Vireo	0.0	0.0	0.0	0.0	0.0	0.0	0.0	0.0	0.0	0.0	0.0	0.0	0.0	0.0	0.0	0.0	33	446	844	736	338	321	255	271	214	139	148	175	90	99	111	178	259	219	91	58	28	8	0.0	0.0	0.0	0.0	0.0	0.0	0.0	0.0	0.0	0.0
	# checklists reporting species - (Red-eyed Vireo)	0.0	0.0	0.0	0.0	0.0	0.0	0.0	0.0	0.0	0.0	0.0	0.0	0.0	0.0	0.0	0.0	27	252	355	300	137	142	97	129	87	58	72	80	42	56	62	101	122	120	61	52	24	8	0.0	0.0	0.0	0.0	0.0	0.0	0.0	0.0	0.0	0.0
	
Average Count
	Red-eyed Vireo	0.0	0.0	0.0	0.0	0.0	0.0	0.0	0.0	0.0	0.0	0.0	0.0	0.0	0.0	0.0	0.0	1.2222222222222223	1.7698412698412698	2.3774647887323943	2.453333333333333	2.4671532846715327	2.26056338028169	2.6288659793814433	2.10077519379845	2.4597701149425286	2.396551724137931	2.0555555555555554	2.1875	2.142857142857143	1.7678571428571428	1.7903225806451613	1.7623762376237624	2.122950819672131	1.825	1.4918032786885247	1.1153846153846154	1.1666666666666667	1.0	0.0	0.0	0.0	0.0	0.0	0.0	0.0	0.0	0.0	0.0
	# checklists reporting species - (Red-eyed Vireo)	0.0	0.0	0.0	0.0	0.0	0.0	0.0	0.0	0.0	0.0	0.0	0.0	0.0	0.0	0.0	0.0	27	252	355	300	137	142	97	129	87	58	72	80	42	56	62	101	122	120	61	52	24	8	0.0	0.0	0.0	0.0	0.0	0.0	0.0	0.0	0.0	0.0
	
