

	Week starting on...	1/1	1/8	1/15	1/22	2/1	2/8	2/15	2/22	3/1	3/8	3/15	3/22	4/1	4/8	4/15	4/22	5/1	5/8	5/15	5/22	6/1	6/8	6/15	6/22	7/1	7/8	7/15	7/22	8/1	8/8	8/15	8/22	9/1	9/8	9/15	9/22	10/1	10/8	10/15	10/22	11/1	11/8	11/15	11/22	12/1	12/8	12/15	12/22
Frequency (%)
	Red-eyed Vireo	0.0	0.0	0.0	0.0	0.0	0.0	0.0	0.0	0.0	0.0	0.0	0.0	0.0	0.0	0.0	0.0	1.4445173998686802	11.11111111111111	24.83271375464684	29.271523178807946	25.72759022118743	25.91324200913242	23.47222222222222	23.90011890606421	17.81045751633987	15.668202764976957	12.399355877616747	8.351409978308027	9.696092619392186	9.569377990430622	9.220985691573928	8.832188420019627	5.221932114882506	7.837445573294629	12.393681652490887	6.639839034205232	6.185567010309279	1.4460511679644048	0.49261083743842365	0.0	0.0	0.136986301369863	0.0	0.0	0.0	0.0	0.0	0.0
	Total # checklists submitted - (Red-eyed Vireo)	1089	764	767	935	707	871	1310	761	724	917	996	1427	1046	1142	1073	1518	1523	1467	1345	1510	859	876	720	841	612	651	621	922	691	627	629	1019	766	689	823	994	776	899	812	1102	762	730	842	1117	634	561	766	938
	
Abundance
	Red-eyed Vireo	0.0	0.0	0.0	0.0	0.0	0.0	0.0	0.0	0.0	0.0	0.0	0.0	0.0	0.0	0.0	0.0	0.018384766907419567	0.2113156100886162	0.5717472118959108	0.8072847682119205	0.7497089639115251	0.6038812785388128	0.5597222222222222	0.6349583828775267	0.5392156862745098	0.43164362519201227	0.3719806763285024	0.18112798264642083	0.18668596237337193	0.17862838915470494	0.15262321144674085	0.14327772325809618	0.0731070496083551	0.13352685050798258	0.22964763061968407	0.10362173038229376	0.09407216494845361	0.018909899888765295	0.0049261083743842365	0.0	0.0	0.0013698630136986301	0.0	0.0	0.0	0.0	0.0	0.0
	Total # checklists submitted - (Red-eyed Vireo)	1089	764	767	935	707	871	1310	761	724	917	996	1427	1046	1142	1073	1518	1523	1467	1345	1510	859	876	720	841	612	651	621	922	691	627	629	1019	766	689	823	994	776	899	812	1102	762	730	842	1117	634	561	766	938
	
Birds Per Party Hour
	Red-eyed Vireo	0.0	0.0	0.0	0.0	0.0	0.0	0.0	0.0	0.0	0.0	0.0	0.0	0.0	0.0	0.0	0.0	0.6766566167995777	1.744898276261653	2.369505111188481	2.6633404448220124	2.5692150617962386	2.1692052381776956	2.2400344427146353	2.17134441656099	2.4124956396287174	2.3448468366699684	2.28996287406973	1.912021311140437	1.7942777654872828	1.5334820909211406	1.661035800983626	1.9522142191220004	1.1915051883865133	2.020814795710822	2.711600272671022	1.7767402898267348	3.1120070359284084	2.5536725164710035	1.5339633878117482	0.0	0.0	1.0	0.0	0.0	0.0	0.0	0.0	0.0
	# checklists reporting species - (Red-eyed Vireo)	0.0	0.0	0.0	0.0	0.0	0.0	0.0	0.0	0.0	0.0	0.0	0.0	0.0	0.0	0.0	0.0	21	161	340	426	219	214	145	188	108	92	64	63	55	48	48	74	34	53	94	65	45	13	5	0.0	0	1	0.0	0.0	0.0	0.0	0.0	0.0
	
High Count
	Red-eyed Vireo	0.0	0.0	0.0	0.0	0.0	0.0	0.0	0.0	0.0	0.0	0.0	0.0	0.0	0.0	0.0	0.0	3	10	25	23	15	10	14	16	20	15	13	20	7	10	5	6	4	9	12	5	4	2	1	0.0	1	1	0.0	0.0	0.0	0.0	0.0	0.0
	# checklists reporting species - (Red-eyed Vireo)	0.0	0.0	0.0	0.0	0.0	0.0	0.0	0.0	0.0	0.0	0.0	0.0	0.0	0.0	0.0	0.0	25	188	378	487	251	249	184	222	128	117	87	84	70	62	61	93	41	56	106	70	52	14	5	0.0	1	2	0.0	0.0	0.0	0.0	0.0	0.0
	
Totals
	Red-eyed Vireo	0.0	0.0	0.0	0.0	0.0	0.0	0.0	0.0	0.0	0.0	0.0	0.0	0.0	0.0	0.0	0.0	31	348	859	1299	730	566	437	574	389	330	244	195	132	114	100	149	57	97	205	109	77	18	5	0.0	1	2	0.0	0.0	0.0	0.0	0.0	0.0
	# checklists reporting species - (Red-eyed Vireo)	0.0	0.0	0.0	0.0	0.0	0.0	0.0	0.0	0.0	0.0	0.0	0.0	0.0	0.0	0.0	0.0	25	180	369	477	248	242	173	220	125	114	84	84	69	62	61	92	41	55	106	70	52	14	5	0.0	1	2	0.0	0.0	0.0	0.0	0.0	0.0
	
Average Count
	Red-eyed Vireo	0.0	0.0	0.0	0.0	0.0	0.0	0.0	0.0	0.0	0.0	0.0	0.0	0.0	0.0	0.0	0.0	1.24	1.9333333333333333	2.3279132791327912	2.7232704402515724	2.943548387096774	2.3388429752066116	2.5260115606936417	2.609090909090909	3.112	2.8947368421052633	2.9047619047619047	2.3214285714285716	1.9130434782608696	1.8387096774193548	1.639344262295082	1.6195652173913044	1.3902439024390243	1.7636363636363637	1.9339622641509433	1.5571428571428572	1.4807692307692308	1.2857142857142858	1.0	0.0	1.0	1.0	0.0	0.0	0.0	0.0	0.0	0.0
	# checklists reporting species - (Red-eyed Vireo)	0.0	0.0	0.0	0.0	0.0	0.0	0.0	0.0	0.0	0.0	0.0	0.0	0.0	0.0	0.0	0.0	25	180	369	477	248	242	173	220	125	114	84	84	69	62	61	92	41	55	106	70	52	14	5	0.0	1	2	0.0	0.0	0.0	0.0	0.0	0.0
	
