

	Week starting on...	1/1	1/8	1/15	1/22	2/1	2/8	2/15	2/22	3/1	3/8	3/15	3/22	4/1	4/8	4/15	4/22	5/1	5/8	5/15	5/22	6/1	6/8	6/15	6/22	7/1	7/8	7/15	7/22	8/1	8/8	8/15	8/22	9/1	9/8	9/15	9/22	10/1	10/8	10/15	10/22	11/1	11/8	11/15	11/22	12/1	12/8	12/15	12/22
Frequency (%)
	Red-eyed Vireo	0.0	0.0	0.0	0.0	0.0	0.0	0.0	0.0	0.0	0.0	0.0	0.0	1.6483516483516485	16.51376146788991	37.87528868360277	51.40625	52.10084033613446	53.34773218142549	48.13664596273292	51.57232704402516	41.45569620253164	43.653250773993804	43.346007604562736	42.567567567567565	31.73913043478261	27.927927927927925	29.081632653061224	21.176470588235293	21.68141592920354	20.441988950276244	28.14070351758794	23.853211009174313	31.32075471698113	29.82456140350877	17.966101694915253	19.743589743589745	11.5625	3.375527426160337	1.937984496124031	0.9009009009009009	0.4098360655737705	0.0	0.0	0.0	0.3401360544217687	0.0	0.0	0.0
	Total # checklists submitted - (Red-eyed Vireo)	350	306	296	359	244	626	1043	308	303	260	306	439	364	436	433	640	476	463	322	477	316	323	263	296	230	222	196	255	226	181	199	327	265	285	295	390	320	237	258	333	244	256	253	350	294	212	201	501
	
Abundance
	Red-eyed Vireo	0.0	0.0	0.0	0.0	0.0	0.0	0.0	0.0	0.0	0.0	0.0	0.0	0.027472527472527472	0.39908256880733944	1.0808314087759816	1.9265625	2.4453781512605044	2.24622030237581	1.608695652173913	1.6519916142557651	1.1962025316455696	1.5944272445820433	1.5475285171102662	1.3716216216216217	0.7347826086956522	0.5540540540540541	0.5153061224489796	0.3843137254901961	0.4424778761061947	0.5027624309392266	0.628140703517588	0.4831804281345566	0.6754716981132075	0.5824561403508772	0.5016949152542373	0.3974358974358974	0.215625	0.03375527426160337	0.01937984496124031	0.009009009009009009	0.004098360655737705	0.0	0.0	0.0	0.003401360544217687	0.0	0.0	0.0
	Total # checklists submitted - (Red-eyed Vireo)	350	306	296	359	244	626	1043	308	303	260	306	439	364	436	433	640	476	463	322	477	316	323	263	296	230	222	196	255	226	181	199	327	265	285	295	390	320	237	258	333	244	256	253	350	294	212	201	501
	
Birds Per Party Hour
	Red-eyed Vireo	0.0	0.0	0.0	0.0	0.0	0.0	0.0	0.0	0.0	0.0	0.0	0.0	0.9973043589822799	1.2847059112742982	1.9844969442879221	2.2903100139080133	2.3861523332261076	2.185527209837703	1.951359078522742	3.30802750237071	3.470470975511439	3.7709143412235977	4.718137663908376	3.4289694272735267	2.3651128002169934	2.493660052674448	1.1974569262274235	1.2999480202354123	1.9761493943912816	1.4598687687679002	1.2078377890816978	1.3936424234881617	1.5845423068329643	1.4388742311622318	1.248591501290806	1.1348575709019717	0.912665261239912	0.5181973179844683	0.6420634920634921	0.4933589374299888	12.048192771084338	0.0	0.0	0.0	0.968054211035818	0.0	0.0	0.0
	# checklists reporting species - (Red-eyed Vireo)	0.0	0.0	0.0	0.0	0.0	0.0	0.0	0.0	0.0	0.0	0.0	0.0	6	68	153	315	229	237	156	238	124	143	110	129	72	60	54	53	49	37	61	80	89	93	55	85	42	12	6	3	1	0.0	0.0	0.0	1	0.0	0.0	0.0
	
High Count
	Red-eyed Vireo	0.0	0.0	0.0	0.0	0.0	0.0	0.0	0.0	0.0	0.0	0.0	0.0	3	17	14	24	33	32	12	16	14	17	32	17	13	8	6	9	8	10	12	10	11	9	20	12	5	1	1	1	1	0.0	0.0	0.0	1	0.0	0.0	0.0
	# checklists reporting species - (Red-eyed Vireo)	0.0	0.0	0.0	0.0	0.0	0.0	0.0	0.0	0.0	0.0	0.0	0.0	7	73	176	346	263	256	166	252	134	146	117	132	76	63	57	54	53	38	65	84	93	96	60	86	45	12	6	3	1	0.0	0.0	0.0	1	0.0	0.0	0.0
	
Totals
	Red-eyed Vireo	0.0	0.0	0.0	0.0	0.0	0.0	0.0	0.0	0.0	0.0	0.0	0.0	10	176	488	1267	1178	1056	535	791	381	521	409	418	172	123	101	98	102	92	137	164	189	180	155	164	77	12	6	3	1	0.0	0.0	0.0	1	0.0	0.0	0.0
	# checklists reporting species - (Red-eyed Vireo)	0.0	0.0	0.0	0.0	0.0	0.0	0.0	0.0	0.0	0.0	0.0	0.0	6	69	161	321	235	240	160	240	126	144	111	129	73	60	54	53	50	37	64	81	90	93	56	86	44	12	6	3	1	0.0	0.0	0.0	1	0.0	0.0	0.0
	
Average Count
	Red-eyed Vireo	0.0	0.0	0.0	0.0	0.0	0.0	0.0	0.0	0.0	0.0	0.0	0.0	1.6666666666666667	2.550724637681159	3.031055900621118	3.9470404984423677	5.012765957446809	4.4	3.34375	3.2958333333333334	3.0238095238095237	3.6180555555555554	3.684684684684685	3.24031007751938	2.356164383561644	2.05	1.8703703703703705	1.849056603773585	2.04	2.4864864864864864	2.140625	2.0246913580246915	2.1	1.935483870967742	2.767857142857143	1.9069767441860466	1.75	1.0	1.0	1.0	1.0	0.0	0.0	0.0	1.0	0.0	0.0	0.0
	# checklists reporting species - (Red-eyed Vireo)	0.0	0.0	0.0	0.0	0.0	0.0	0.0	0.0	0.0	0.0	0.0	0.0	6	69	161	321	235	240	160	240	126	144	111	129	73	60	54	53	50	37	64	81	90	93	56	86	44	12	6	3	1	0.0	0.0	0.0	1	0.0	0.0	0.0
	
