









Frequency of observations in the selected location(s).:
Number of taxa: 	1

	Jan				Feb				Mar				Apr				May				Jun				Jul				Aug				Sep				Oct				Nov				Dec				
Sample Size:	290.0	177.0	148.0	246.0	248.0	223.0	434.0	173.0	158.0	202.0	168.0	265.0	174.0	262.0	251.0	282.0	214.0	205.0	188.0	187.0	134.0	132.0	154.0	132.0	92.0	105.0	101.0	147.0	92.0	113.0	104.0	167.0	148.0	134.0	138.0	175.0	153.0	109.0	128.0	53.0	0.0	0.0	0.0	0.0	0.0	0.0	0.0	0.0	

Red-eyed Vireo	0.0	0.0	0.0	0.0	0.0	0.0	0.0	0.0	0.0	0.0	0.0	0.0	0.005747126436781609	0.11068702290076336	0.24701195219123506	0.29432624113475175	0.2616822429906542	0.32682926829268294	0.25	0.22459893048128343	0.208955223880597	0.13636363636363635	0.18831168831168832	0.21212121212121213	0.09782608695652174	0.08571428571428572	0.0594059405940594	0.08843537414965986	0.05434782608695652	0.07964601769911504	0.038461538461538464	0.1317365269461078	0.10135135135135136	0.07462686567164178	0.10869565217391304	0.13714285714285715	0.0392156862745098	0.045871559633027525	0.0234375	0.0	0.0	0.0	0.0	0.0	0.0	0.0	0.0	0.0	

