

	Week starting on...	1/1	1/8	1/15	1/22	2/1	2/8	2/15	2/22	3/1	3/8	3/15	3/22	4/1	4/8	4/15	4/22	5/1	5/8	5/15	5/22	6/1	6/8	6/15	6/22	7/1	7/8	7/15	7/22	8/1	8/8	8/15	8/22	9/1	9/8	9/15	9/22	10/1	10/8	10/15	10/22	11/1	11/8	11/15	11/22	12/1	12/8	12/15	12/22
Frequency (%)
	Red-eyed Vireo	0.0	0.0	0.0	0.0	0.0	0.0	0.0	0.0	0.0	0.0	0.0	0.0	0.0	0.0	0.0	0.09420631182289213	3.599446239040148	12.114233072316905	14.144736842105262	11.272321428571429	10.8145106091718	12.57606490872211	6.948640483383686	8.932038834951456	6.765676567656766	8.236347358997314	7.522935779816514	4.640215198386012	2.8417818740399383	2.0224719101123596	2.501786990707648	3.0975496994914473	3.7065052950075645	3.896103896103896	4.989458889669711	4.3678160919540225	1.8422991893883567	0.2896451846488052	0.14245014245014245	0.052882072977260705	0.14992503748125938	0.0	0.0	0.0	0.0	0.0	0.0	0.0
	Total # checklists submitted - (Red-eyed Vireo)	2222	1694	1616	2396	1371	1775	2542	1430	1399	1440	1568	2284	1628	1736	1712	2123	2167	2171	2128	2688	1461	1479	1324	1545	1212	1117	1090	1487	1302	1335	1399	2163	1322	1463	1423	1740	1357	1381	1404	1891	1334	1401	1269	1807	1211	1211	1217	1877
	
Abundance
	Red-eyed Vireo	0.0	0.0	0.0	0.0	0.0	0.0	0.0	0.0	0.0	0.0	0.0	0.0	0.0	0.0	0.0	9.420631182289214E-4	0.03645592985694508	0.17918010133578996	0.30451127819548873	0.3861607142857143	0.3107460643394935	0.4854631507775524	0.2938066465256798	0.597411003236246	0.4372937293729373	0.42076991942703673	0.39174311926605504	0.18493611297915266	0.11059907834101383	0.0651685393258427	0.11436740528949249	0.09153952843273232	0.1021180030257186	0.06561859193438141	0.08924806746310611	0.06091954022988506	0.023581429624170966	0.002172338884866039	0.0014245014245014246	5.288207297726071E-4	0.0014992503748125937	0.0	0.0	0.0	0.0	0.0	0.0	0.0
	Total # checklists submitted - (Red-eyed Vireo)	2222	1694	1616	2396	1371	1775	2542	1430	1399	1440	1568	2284	1628	1736	1712	2123	2167	2171	2128	2688	1461	1479	1324	1545	1212	1117	1090	1487	1302	1335	1399	2163	1322	1463	1423	1740	1357	1381	1404	1891	1334	1401	1269	1807	1211	1211	1217	1877
	
Birds Per Party Hour
	Red-eyed Vireo	0.0	0.0	0.0	0.0	0.0	0.0	0.0	0.0	0.0	0.0	0.0	0.0	0.0	0.0	0.0	1.0576329331046312	1.3866233807366186	1.6987068205364797	2.505112767169222	3.188283942961426	2.305580196762938	2.9689007607118385	4.175837960684987	5.160416358192745	5.065189697855783	3.946307583077174	6.2773569645634355	4.490248334420699	2.731427882039415	2.758576351711832	4.09629767673341	3.1131684826134554	2.38641532312257	1.6935405102718897	1.6999851684330387	1.254720637452834	0.7935608055495127	1.0332933413317336	0.5415227851684121	0.40535062829347385	0.49389162800864644	0.0	0.0	0.0	0.0	0.0	0.0	0.0
	# checklists reporting species - (Red-eyed Vireo)	0.0	0.0	0.0	0.0	0.0	0.0	0.0	0.0	0.0	0.0	0.0	0.0	0.0	0.0	0.0	2	70	244	261	269	138	173	82	124	75	86	80	71	33	26	33	64	50	58	73	72	23	3	2	1	2	0.0	0.0	0.0	0.0	0.0	0.0	0.0
	
High Count
	Red-eyed Vireo	0.0	0.0	0.0	0.0	0.0	0.0	0.0	0.0	0.0	0.0	0.0	0.0	0.0	0.0	0.0	1	3	9	33	32	23	36	34	70	47	70	36	29	17	18	30	30	14	5	5	7	3	1	1	1	1	0.0	0.0	0.0	0.0	0.0	0.0	0.0
	# checklists reporting species - (Red-eyed Vireo)	0.0	0.0	0.0	0.0	0.0	0.0	0.0	0.0	0.0	0.0	0.0	0.0	0.0	0.0	0.0	2	82	281	318	319	167	192	99	141	88	95	88	74	37	27	35	69	50	58	73	79	26	5	2	1	2	0.0	0.0	0.0	0.0	0.0	0.0	0.0
	
Totals
	Red-eyed Vireo	0.0	0.0	0.0	0.0	0.0	0.0	0.0	0.0	0.0	0.0	0.0	0.0	0.0	0.0	0.0	2	83	405	665	1052	460	733	398	925	538	474	432	281	144	87	160	199	136	97	130	111	32	3	2	1	2	0.0	0.0	0.0	0.0	0.0	0.0	0.0
	# checklists reporting species - (Red-eyed Vireo)	0.0	0.0	0.0	0.0	0.0	0.0	0.0	0.0	0.0	0.0	0.0	0.0	0.0	0.0	0.0	2	72	258	275	288	144	180	85	130	76	89	82	71	35	26	34	67	50	58	73	73	24	3	2	1	2	0.0	0.0	0.0	0.0	0.0	0.0	0.0
	
Average Count
	Red-eyed Vireo	0.0	0.0	0.0	0.0	0.0	0.0	0.0	0.0	0.0	0.0	0.0	0.0	0.0	0.0	0.0	1.0	1.1527777777777777	1.569767441860465	2.418181818181818	3.6527777777777777	3.1944444444444446	4.072222222222222	4.682352941176471	7.115384615384615	7.078947368421052	5.325842696629214	5.2682926829268295	3.9577464788732395	4.114285714285714	3.3461538461538463	4.705882352941177	2.970149253731343	2.72	1.6724137931034482	1.7808219178082192	1.5205479452054795	1.3333333333333333	1.0	1.0	1.0	1.0	0.0	0.0	0.0	0.0	0.0	0.0	0.0
	# checklists reporting species - (Red-eyed Vireo)	0.0	0.0	0.0	0.0	0.0	0.0	0.0	0.0	0.0	0.0	0.0	0.0	0.0	0.0	0.0	2	72	258	275	288	144	180	85	130	76	89	82	71	35	26	34	67	50	58	73	73	24	3	2	1	2	0.0	0.0	0.0	0.0	0.0	0.0	0.0
	
