

	Week starting on...	1/1	1/8	1/15	1/22	2/1	2/8	2/15	2/22	3/1	3/8	3/15	3/22	4/1	4/8	4/15	4/22	5/1	5/8	5/15	5/22	6/1	6/8	6/15	6/22	7/1	7/8	7/15	7/22	8/1	8/8	8/15	8/22	9/1	9/8	9/15	9/22	10/1	10/8	10/15	10/22	11/1	11/8	11/15	11/22	12/1	12/8	12/15	12/22
Frequency (%)
	Red-eyed Vireo	0.0	0.0	0.0	0.0	0.0	0.0	0.0	0.0	0.0	0.0	0.0	0.0	0.0	0.0	1.0512483574244416	17.69165964616681	45.220745820831546	48.41960604672469	48.63636363636364	36.883116883116884	20.173267326732674	22.506738544474395	18.144611186903138	23.884892086330936	20.652173913043477	17.14801444043321	13.541666666666666	7.769423558897243	6.5546218487394965	10.774410774410773	16.569428238039674	27.59714512291832	32.96296296296296	33.756345177664976	33.54661791590494	27.936507936507937	12.26158038147139	3.4722222222222223	0.29791459781529295	0.0	0.0	0.0	0.0	0.0	0.0	0.0	0.0	0.0
	Total # checklists submitted - (Red-eyed Vireo)	1375	1090	1034	1360	883	1014	1305	926	1007	1014	1001	1478	1216	1435	1522	2374	2333	2183	1760	1540	808	742	733	695	552	554	576	798	595	594	857	1261	1080	1182	1094	1260	1101	1008	1007	1211	856	824	860	965	701	736	839	879
	
Abundance
	Red-eyed Vireo	0.0	0.0	0.0	0.0	0.0	0.0	0.0	0.0	0.0	0.0	0.0	0.0	0.0	0.0	0.010512483574244415	0.3180286436394271	1.2276039434204886	1.4667888227210262	1.455681818181818	1.0032467532467533	0.3849009900990099	0.3692722371967655	0.2987721691678035	0.4719424460431655	0.3967391304347826	0.29061371841155237	0.171875	0.10526315789473684	0.08403361344537816	0.15488215488215487	0.3442240373395566	0.8477398889770024	1.3833333333333333	2.069373942470389	1.2495429616087752	0.7793650793650794	0.17257039055404177	0.04365079365079365	0.0029791459781529296	0.0	0.0	0.0	0.0	0.0	0.0	0.0	0.0	0.0
	Total # checklists submitted - (Red-eyed Vireo)	1375	1090	1034	1360	883	1014	1305	926	1007	1014	1001	1478	1216	1435	1522	2374	2333	2183	1760	1540	808	742	733	695	552	554	576	798	595	594	857	1261	1080	1182	1094	1260	1101	1008	1007	1211	856	824	860	965	701	736	839	879
	
Birds Per Party Hour
	Red-eyed Vireo	0.0	0.0	0.0	0.0	0.0	0.0	0.0	0.0	0.0	0.0	0.0	0.0	0.0	0.0	2.6140696094941704	1.4939243251606227	2.4711454067564183	3.3564789633285774	3.2778942309964396	2.9125628485059867	2.0405345145282534	3.2852403127574332	2.633249781940332	2.0691926989483203	3.3897363683275445	2.1652035095690993	1.3561098441853712	2.043071370579625	1.3532345616980195	1.4146298307854328	1.4324119291220199	2.204549501768515	2.973598805216885	4.937966541588189	2.4408799922981173	1.8158544595651953	0.8377159181599833	0.8108150961717171	0.3994612926719363	0.0	0.0	0.0	0.0	0.0	0.0	0.0	0.0	0.0
	# checklists reporting species - (Red-eyed Vireo)	0.0	0.0	0.0	0.0	0.0	0.0	0.0	0.0	0.0	0.0	0.0	0.0	0.0	0.0	17	403	1000	1041	811	548	159	162	129	164	108	95	70	56	35	61	140	348	368	398	368	358	129	40	3	0.0	0.0	0.0	0.0	0.0	0.0	0.0	0.0	0.0
	
High Count
	Red-eyed Vireo	0.0	0.0	0.0	0.0	0.0	0.0	0.0	0.0	0.0	0.0	0.0	0.0	0.0	0.0	2	20	25	25	29	41	15	7	7	7	8	7	4	6	6	6	9	19	25	76	25	19	6	4	1	0.0	0.0	0.0	0.0	0.0	0.0	0.0	0.0	0.0
	# checklists reporting species - (Red-eyed Vireo)	0.0	0.0	0.0	0.0	0.0	0.0	0.0	0.0	0.0	0.0	0.0	0.0	0.0	0.0	19	461	1162	1170	940	625	170	173	140	177	118	100	83	64	43	65	146	368	392	437	402	382	149	45	4	0.0	0.0	0.0	0.0	0.0	0.0	0.0	0.0	0.0
	
Totals
	Red-eyed Vireo	0.0	0.0	0.0	0.0	0.0	0.0	0.0	0.0	0.0	0.0	0.0	0.0	0.0	0.0	19	794	3010	3385	2692	1597	323	280	227	343	223	168	107	86	56	92	301	1129	1674	2626	1498	1065	205	57	4	0.0	0.0	0.0	0.0	0.0	0.0	0.0	0.0	0.0
	# checklists reporting species - (Red-eyed Vireo)	0.0	0.0	0.0	0.0	0.0	0.0	0.0	0.0	0.0	0.0	0.0	0.0	0.0	0.0	18	416	1047	1080	860	570	164	166	130	167	111	98	77	58	39	61	143	352	378	411	377	366	142	43	4	0.0	0.0	0.0	0.0	0.0	0.0	0.0	0.0	0.0
	
Average Count
	Red-eyed Vireo	0.0	0.0	0.0	0.0	0.0	0.0	0.0	0.0	0.0	0.0	0.0	0.0	0.0	0.0	1.0555555555555556	1.9086538461538463	2.8748806112702963	3.134259259259259	3.130232558139535	2.8017543859649123	1.9695121951219512	1.6867469879518073	1.7461538461538462	2.053892215568862	2.009009009009009	1.7142857142857142	1.3896103896103895	1.4827586206896552	1.435897435897436	1.5081967213114753	2.104895104895105	3.2073863636363638	4.428571428571429	6.3892944038929445	3.973474801061008	2.9098360655737703	1.443661971830986	1.3255813953488371	1.0	0.0	0.0	0.0	0.0	0.0	0.0	0.0	0.0	0.0
	# checklists reporting species - (Red-eyed Vireo)	0.0	0.0	0.0	0.0	0.0	0.0	0.0	0.0	0.0	0.0	0.0	0.0	0.0	0.0	18	416	1047	1080	860	570	164	166	130	167	111	98	77	58	39	61	143	352	378	411	377	366	142	43	4	0.0	0.0	0.0	0.0	0.0	0.0	0.0	0.0	0.0
	
