

	Week starting on...	1/1	1/8	1/15	1/22	2/1	2/8	2/15	2/22	3/1	3/8	3/15	3/22	4/1	4/8	4/15	4/22	5/1	5/8	5/15	5/22	6/1	6/8	6/15	6/22	7/1	7/8	7/15	7/22	8/1	8/8	8/15	8/22	9/1	9/8	9/15	9/22	10/1	10/8	10/15	10/22	11/1	11/8	11/15	11/22	12/1	12/8	12/15	12/22
Frequency (%)
	Red-eyed Vireo	0.0	0.0	0.0	0.0	0.0	0.0	0.0	0.0	0.0	0.0	0.4807692307692308	0.3144654088050315	0.43668122270742354	7.792207792207792	23.18181818181818	30.813953488372093	37.264150943396224	43.389830508474574	45.714285714285715	35.82089552238806	27.522935779816514	24.0	25.954198473282442	26.923076923076923	20.43010752688172	12.5	10.344827586206897	12.598425196850393	10.1010101010101	18.69158878504673	5.737704918032787	9.523809523809524	12.5	6.25	11.475409836065573	8.270676691729323	3.968253968253968	1.6129032258064515	0.8333333333333334	0.0	0.0	0.0	0.0	0.0	0.0	0.0	0.0	0.0
	Total # checklists submitted - (Red-eyed Vireo)	184	145	206	231	248	538	672	180	261	157	208	318	229	231	220	344	212	295	175	201	109	125	131	104	93	64	87	127	99	107	122	84	80	80	183	133	126	124	120	149	117	165	87	156	103	69	72	257
	
Abundance
	Red-eyed Vireo	0.0	0.0	0.0	0.0	0.0	0.0	0.0	0.0	0.0	0.0	0.004807692307692308	0.0031446540880503146	0.004366812227074236	0.08658008658008658	0.75	1.2005813953488371	1.4481132075471699	1.8372881355932202	1.6285714285714286	1.5223880597014925	1.0825688073394495	0.552	0.648854961832061	0.7211538461538461	0.3548387096774194	0.265625	0.21839080459770116	0.29133858267716534	0.40404040404040403	0.4205607476635514	0.16393442622950818	0.10714285714285714	0.175	0.1125	0.16393442622950818	0.11278195488721804	0.047619047619047616	0.024193548387096774	0.008333333333333333	0.0	0.0	0.0	0.0	0.0	0.0	0.0	0.0	0.0
	Total # checklists submitted - (Red-eyed Vireo)	184	145	206	231	248	538	672	180	261	157	208	318	229	231	220	344	212	295	175	201	109	125	131	104	93	64	87	127	99	107	122	84	80	80	183	133	126	124	120	149	117	165	87	156	103	69	72	257
	
Birds Per Party Hour
	Red-eyed Vireo	0.0	0.0	0.0	0.0	0.0	0.0	0.0	0.0	0.0	0.0	0.6666666666666666	0.4	0.2	0.465743102431579	1.4521708361415397	2.256253782481383	2.1888969149585074	3.066419446945809	7.91767289741344	2.502236873223757	1.9940345563750994	6.883055985675	4.466669664015585	1.4058670911939715	1.2085123935983932	0.5218553008571517	1.2822659176029962	2.753876059630508	1.4884594387374954	2.9043301392094554	1.091621921649638	0.8527292686597906	0.6964825791769352	1.4155555555555555	0.8588415068161892	1.3133349549474034	1.0506006006006006	0.3505063033377145	0.2	0.0	0.0	0.0	0.0	0.0	0.0	0.0	0.0	0.0
	# checklists reporting species - (Red-eyed Vireo)	0.0	0.0	0.0	0.0	0.0	0.0	0.0	0.0	0.0	0.0	1	1	1	18	50	95	75	123	62	64	28	25	32	26	22	16	10	15	10	22	8	8	10	5	20	11	5	2	1	0.0	0.0	0.0	0.0	0.0	0.0	0.0	0.0	0.0
	
High Count
	Red-eyed Vireo	0.0	0.0	0.0	0.0	0.0	0.0	0.0	0.0	0.0	0.0	1	1	1	2	22	23	40	29	20	37	15	17	12	8	8	5	5	7	14	7	7	3	2	5	4	3	2	2	1	0.0	0.0	0.0	0.0	0.0	0.0	0.0	0.0	0.0
	# checklists reporting species - (Red-eyed Vireo)	0.0	0.0	0.0	0.0	0.0	0.0	0.0	0.0	0.0	0.0	1	1	1	20	55	116	83	140	85	76	34	32	35	28	28	18	10	16	11	23	9	9	10	5	21	11	5	2	1	0.0	0.0	0.0	0.0	0.0	0.0	0.0	0.0	0.0
	
Totals
	Red-eyed Vireo	0.0	0.0	0.0	0.0	0.0	0.0	0.0	0.0	0.0	0.0	1	1	1	21	171	419	313	556	290	307	124	71	89	75	51	28	20	37	41	51	26	10	14	9	30	15	6	3	1	0.0	0.0	0.0	0.0	0.0	0.0	0.0	0.0	0.0
	# checklists reporting species - (Red-eyed Vireo)	0.0	0.0	0.0	0.0	0.0	0.0	0.0	0.0	0.0	0.0	1	1	1	18	51	101	75	127	71	67	31	27	32	26	27	17	10	16	11	23	9	8	10	5	20	11	5	2	1	0.0	0.0	0.0	0.0	0.0	0.0	0.0	0.0	0.0
	
Average Count
	Red-eyed Vireo	0.0	0.0	0.0	0.0	0.0	0.0	0.0	0.0	0.0	0.0	1.0	1.0	1.0	1.1666666666666667	3.3529411764705883	4.148514851485149	4.173333333333333	4.377952755905512	4.084507042253521	4.582089552238806	4.0	2.6296296296296298	2.78125	2.8846153846153846	1.8888888888888888	1.6470588235294117	2.0	2.3125	3.727272727272727	2.217391304347826	2.888888888888889	1.25	1.4	1.8	1.5	1.3636363636363635	1.2	1.5	1.0	0.0	0.0	0.0	0.0	0.0	0.0	0.0	0.0	0.0
	# checklists reporting species - (Red-eyed Vireo)	0.0	0.0	0.0	0.0	0.0	0.0	0.0	0.0	0.0	0.0	1	1	1	18	51	101	75	127	71	67	31	27	32	26	27	17	10	16	11	23	9	8	10	5	20	11	5	2	1	0.0	0.0	0.0	0.0	0.0	0.0	0.0	0.0	0.0
	
