

	Week starting on...	1/1	1/8	1/15	1/22	2/1	2/8	2/15	2/22	3/1	3/8	3/15	3/22	4/1	4/8	4/15	4/22	5/1	5/8	5/15	5/22	6/1	6/8	6/15	6/22	7/1	7/8	7/15	7/22	8/1	8/8	8/15	8/22	9/1	9/8	9/15	9/22	10/1	10/8	10/15	10/22	11/1	11/8	11/15	11/22	12/1	12/8	12/15	12/22
Frequency (%)
	Red-eyed Vireo	0.0	0.0	0.0	0.0	0.0	0.0	0.0	0.0	0.0	0.0	0.0	0.0	0.0	6.435643564356436	29.723756906077348	40.69444444444444	44.567627494456765	36.72627235213205	35.009671179883945	33.68055555555556	20.385674931129476	25.49019607843137	28.424657534246577	19.047619047619047	19.24198250728863	10.238907849829351	6.61764705882353	5.287356321839081	6.484641638225256	6.707317073170732	6.182795698924731	8.064516129032258	11.139240506329113	9.701492537313433	9.35412026726058	9.900990099009901	6.504065040650407	2.553191489361702	0.43383947939262474	0.5050505050505051	0.0	0.0	0.0	0.0	0.0	0.0	0.0	0.0
	Total # checklists submitted - (Red-eyed Vireo)	964	657	671	827	582	923	1214	632	584	557	545	872	717	808	905	1440	902	727	517	576	363	306	292	399	343	293	272	435	293	328	372	496	395	402	449	707	492	470	461	594	459	447	566	647	442	463	389	689
	
Abundance
	Red-eyed Vireo	0.0	0.0	0.0	0.0	0.0	0.0	0.0	0.0	0.0	0.0	0.0	0.0	0.0	0.09777227722772278	0.7005524861878453	1.275	1.6175166297117516	1.4773039889958735	1.2147001934235977	0.7951388888888888	0.38016528925619836	0.49673202614379086	0.6095890410958904	0.3358395989974937	0.3819241982507289	0.16040955631399317	0.09926470588235294	0.08735632183908046	0.11604095563139932	0.09451219512195122	0.0913978494623656	0.13306451612903225	0.17468354430379746	0.17412935323383086	0.1714922048997773	0.1188118811881188	0.06707317073170732	0.029787234042553193	0.004338394793926247	0.005050505050505051	0.0	0.0	0.0	0.0	0.0	0.0	0.0	0.0
	Total # checklists submitted - (Red-eyed Vireo)	964	657	671	827	582	923	1214	632	584	557	545	872	717	808	905	1440	902	727	517	576	363	306	292	399	343	293	272	435	293	328	372	496	395	402	449	707	492	470	461	594	459	447	566	647	442	463	389	689
	
Birds Per Party Hour
	Red-eyed Vireo	0.0	0.0	0.0	0.0	0.0	0.0	0.0	0.0	0.0	0.0	0.0	0.0	0.0	0.9454939836623683	1.2811848325570263	1.7072768316653588	1.9250930763495628	2.0643726453216944	1.703155617312731	1.238761611212219	1.0388274166079108	1.1709606307806601	1.2349129133505197	1.0938544583851146	1.0124562821023864	1.5787814178981445	0.8880562517833596	0.9641168409123815	1.1312231486315154	0.8211595869496183	0.9361435835562625	0.8981682816982898	0.8300512469888526	1.2739347362961846	1.0844836594628786	0.98942846444538	0.8746217799537686	0.5335432282593917	0.4444444444444444	0.7040536499555243	0.0	0.0	0.0	0.0	0.0	0.0	0.0	0.0
	# checklists reporting species - (Red-eyed Vireo)	0.0	0.0	0.0	0.0	0.0	0.0	0.0	0.0	0.0	0.0	0.0	0.0	0.0	48	260	542	381	257	179	191	72	79	84	76	66	29	19	23	20	23	22	38	42	34	41	69	30	12	2	3	0.0	0.0	0.0	0.0	0.0	0.0	0.0	0.0
	
High Count
	Red-eyed Vireo	0.0	0.0	0.0	0.0	0.0	0.0	0.0	0.0	0.0	0.0	0.0	0.0	0.0	8	25	25	20	35	20	20	15	15	15	12	25	8	5	4	4	5	5	7	4	10	10	3	2	3	1	1	0.0	0.0	0.0	0.0	0.0	0.0	0.0	0.0
	# checklists reporting species - (Red-eyed Vireo)	0.0	0.0	0.0	0.0	0.0	0.0	0.0	0.0	0.0	0.0	0.0	0.0	0.0	56	286	609	418	271	188	197	77	79	85	81	68	34	19	26	21	24	26	40	44	39	44	72	32	12	2	3	0.0	0.0	0.0	0.0	0.0	0.0	0.0	0.0
	
Totals
	Red-eyed Vireo	0.0	0.0	0.0	0.0	0.0	0.0	0.0	0.0	0.0	0.0	0.0	0.0	0.0	82	645	1851	1477	1080	636	461	141	153	181	140	133	53	28	42	39	33	37	66	69	70	83	85	33	14	2	3	0.0	0.0	0.0	0.0	0.0	0.0	0.0	0.0
	# checklists reporting species - (Red-eyed Vireo)	0.0	0.0	0.0	0.0	0.0	0.0	0.0	0.0	0.0	0.0	0.0	0.0	0.0	49	266	556	390	260	181	193	73	79	84	80	68	33	19	25	21	24	24	40	42	34	43	70	31	12	2	3	0.0	0.0	0.0	0.0	0.0	0.0	0.0	0.0
	
Average Count
	Red-eyed Vireo	0.0	0.0	0.0	0.0	0.0	0.0	0.0	0.0	0.0	0.0	0.0	0.0	0.0	1.6734693877551021	2.424812030075188	3.329136690647482	3.787179487179487	4.153846153846154	3.5138121546961325	2.38860103626943	1.9315068493150684	1.9367088607594938	2.1547619047619047	1.75	1.9558823529411764	1.606060606060606	1.4736842105263157	1.68	1.8571428571428572	1.375	1.5416666666666667	1.65	1.6428571428571428	2.0588235294117645	1.930232558139535	1.2142857142857142	1.064516129032258	1.1666666666666667	1.0	1.0	0.0	0.0	0.0	0.0	0.0	0.0	0.0	0.0
	# checklists reporting species - (Red-eyed Vireo)	0.0	0.0	0.0	0.0	0.0	0.0	0.0	0.0	0.0	0.0	0.0	0.0	0.0	49	266	556	390	260	181	193	73	79	84	80	68	33	19	25	21	24	24	40	42	34	43	70	31	12	2	3	0.0	0.0	0.0	0.0	0.0	0.0	0.0	0.0
	
