

	Week starting on...	1/1	1/8	1/15	1/22	2/1	2/8	2/15	2/22	3/1	3/8	3/15	3/22	4/1	4/8	4/15	4/22	5/1	5/8	5/15	5/22	6/1	6/8	6/15	6/22	7/1	7/8	7/15	7/22	8/1	8/8	8/15	8/22	9/1	9/8	9/15	9/22	10/1	10/8	10/15	10/22	11/1	11/8	11/15	11/22	12/1	12/8	12/15	12/22
Frequency (%)
	Red-eyed Vireo	0.0	0.0	0.0	0.0	0.0	0.0	0.0	0.0	0.0	0.0	0.0	0.0	6.451612903225806	2.631578947368421	15.384615384615385	17.94871794871795	24.444444444444443	25.925925925925924	41.46341463414634	13.88888888888889	9.75609756097561	3.8461538461538463	8.823529411764707	9.375	2.941176470588235	6.0606060606060606	6.451612903225806	6.451612903225806	0.0	0.0	16.666666666666664	10.81081081081081	20.689655172413794	12.5	20.454545454545457	20.0	10.526315789473683	0.0	0.0	0.0	0.0	0.0	0.0	0.0	0.0	0.0	0.0	0.0
	Total # checklists submitted - (Red-eyed Vireo)	72	58	52	49	47	110	200	37	48	46	28	58	31	38	39	78	45	54	41	36	41	26	34	32	34	33	31	31	14	15	18	37	29	32	44	30	19	23	23	39	27	20	47	37	27	23	28	41
	
Abundance
	Red-eyed Vireo	0.0	0.0	0.0	0.0	0.0	0.0	0.0	0.0	0.0	0.0	0.0	0.0	0.03225806451612903	0.0	0.358974358974359	0.358974358974359	0.6444444444444445	0.6296296296296297	1.048780487804878	0.2777777777777778	0.1951219512195122	0.038461538461538464	0.08823529411764706	0.15625	0.029411764705882353	0.09090909090909091	0.12903225806451613	0.06451612903225806	0.0	0.0	0.3333333333333333	0.13513513513513514	0.2413793103448276	0.1875	0.45454545454545453	0.26666666666666666	0.3157894736842105	0.0	0.0	0.0	0.0	0.0	0.0	0.0	0.0	0.0	0.0	0.0
	Total # checklists submitted - (Red-eyed Vireo)	72	58	52	49	47	110	200	37	48	46	28	58	31	38	39	78	45	54	41	36	41	26	34	32	34	33	31	31	14	15	18	37	29	32	44	30	19	23	23	39	27	20	47	37	27	23	28	41
	
Birds Per Party Hour
	Red-eyed Vireo	0.0	0.0	0.0	0.0	0.0	0.0	0.0	0.0	0.0	0.0	0.0	0.0	0.4	0.0	1.500665244543831	0.9610440005065294	1.5576833762958453	1.895930076566061	1.5217837931884415	1.8726078263353327	0.8958333333333334	20.0	7.150353330326267	1.167319912346832	1.3333333333333333	0.421856587963165	0.7851851851851852	0.375	0.0	0.0	0.75	0.6845238095238095	1.3197177074422584	0.8416666666666667	1.9287931283698825	0.54920657454729	0.9666666666666667	0.0	0.0	0.0	0.0	0.0	0.0	0.0	0.0	0.0	0.0	0.0
	# checklists reporting species - (Red-eyed Vireo)	0.0	0.0	0.0	0.0	0.0	0.0	0.0	0.0	0.0	0.0	0.0	0.0	1	0	5	15	11	14	14	3	4	1	3	3	1	2	2	2	0.0	0.0	3	4	7	4	7	6	3	0.0	0.0	0.0	0.0	0.0	0.0	0.0	0.0	0.0	0.0	0.0
	
High Count
	Red-eyed Vireo	0.0	0.0	0.0	0.0	0.0	0.0	0.0	0.0	0.0	0.0	0.0	0.0	1	1	5	4	8	8	8	5	4	1	1	2	1	2	3	1	0.0	0.0	3	2	2	3	5	3	5	0.0	0.0	0.0	0.0	0.0	0.0	0.0	0.0	0.0	0.0	0.0
	# checklists reporting species - (Red-eyed Vireo)	0.0	0.0	0.0	0.0	0.0	0.0	0.0	0.0	0.0	0.0	0.0	0.0	2	4	10	16	14	15	17	5	4	1	3	3	1	2	2	2	0.0	0.0	3	4	7	4	9	7	3	0.0	0.0	0.0	0.0	0.0	0.0	0.0	0.0	0.0	0.0	0.0
	
Totals
	Red-eyed Vireo	0.0	0.0	0.0	0.0	0.0	0.0	0.0	0.0	0.0	0.0	0.0	0.0	1	0	15	32	38	34	43	10	8	1	3	5	1	3	4	2	0.0	0.0	6	5	8	6	20	11	8	0.0	0.0	0.0	0.0	0.0	0.0	0.0	0.0	0.0	0.0	0.0
	# checklists reporting species - (Red-eyed Vireo)	0.0	0.0	0.0	0.0	0.0	0.0	0.0	0.0	0.0	0.0	0.0	0.0	1	0	6	16	13	14	15	3	4	1	3	3	1	2	2	2	0.0	0.0	3	4	7	4	7	7	3	0.0	0.0	0.0	0.0	0.0	0.0	0.0	0.0	0.0	0.0	0.0
	
Average Count
	Red-eyed Vireo	0.0	0.0	0.0	0.0	0.0	0.0	0.0	0.0	0.0	0.0	0.0	0.0	1.0	0.0	2.5	2.0	2.923076923076923	2.4285714285714284	2.8666666666666667	3.3333333333333335	2.0	1.0	1.0	1.6666666666666667	1.0	1.5	2.0	1.0	0.0	0.0	2.0	1.25	1.1428571428571428	1.5	2.857142857142857	1.5714285714285714	2.6666666666666665	0.0	0.0	0.0	0.0	0.0	0.0	0.0	0.0	0.0	0.0	0.0
	# checklists reporting species - (Red-eyed Vireo)	0.0	0.0	0.0	0.0	0.0	0.0	0.0	0.0	0.0	0.0	0.0	0.0	1	0	6	16	13	14	15	3	4	1	3	3	1	2	2	2	0.0	0.0	3	4	7	4	7	7	3	0.0	0.0	0.0	0.0	0.0	0.0	0.0	0.0	0.0	0.0	0.0
	
